2.000000 7.126000 7.126000 1.942000 1.926000
2.000000 7.854000 7.854000 1.938000 1.942000
2.000000 9.060000 9.060000 1.934000 1.938000
2.000000 9.798000 9.798000 1.944000 1.934000
2.000000 10.910000 10.910000 1.850000 1.944000
2.000000 11.744000 11.744000 1.946000 1.850000
2.000000 12.500000 12.500000 1.590000 1.946000
2.000000 13.690000 13.690000 1.946000 1.590000
2.000000 14.424000 14.424000 1.924000 1.946000
2.000000 15.632000 15.632000 1.942000 1.924000
2.000000 16.360000 16.360000 1.936000 1.942000
2.000000 17.568000 17.568000 1.936000 1.936000
2.000000 18.304000 18.304000 1.944000 1.936000
2.000000 19.452000 19.452000 1.884000 1.944000
2.000000 20.250000 20.250000 1.946000 1.884000
2.000000 21.042000 21.042000 1.590000 1.946000
2.000000 22.196000 22.196000 1.946000 1.590000
2.000000 22.930000 22.930000 1.888000 1.946000
2.000000 24.138000 24.138000 1.942000 1.888000
2.000000 24.866000 24.866000 1.936000 1.942000
2.000000 26.074000 26.074000 1.936000 1.936000
2.000000 26.808000 26.808000 1.942000 1.936000
2.000000 27.994000 27.994000 1.920000 1.942000
2.000000 28.756000 28.756000 1.948000 1.920000
2.000000 29.584000 29.584000 1.590000 1.948000
2.000000 30.702000 30.702000 1.946000 1.590000
2.000000 31.440000 31.440000 1.856000 1.946000
2.000000 32.646000 32.646000 1.944000 1.856000
2.000000 33.372000 33.372000 1.932000 1.944000
2.000000 34.582000 34.582000 1.936000 1.932000
2.000000 35.314000 35.314000 1.942000 1.936000
2.000000 36.508000 36.508000 1.926000 1.942000
2.000000 37.260000 37.260000 1.946000 1.926000
2.000000 38.128000 38.128000 1.620000 1.946000
2.000000 39.208000 39.208000 1.948000 1.620000
2.000000 39.946000 39.946000 1.818000 1.948000
2.000000 41.152000 41.152000 1.944000 1.818000
2.000000 41.878000 41.878000 1.932000 1.944000
2.000000 43.090000 43.090000 1.938000 1.932000
2.000000 43.820000 43.820000 1.942000 1.938000
2.000000 45.016000 45.016000 1.926000 1.942000
2.000000 45.766000 45.766000 1.946000 1.926000
2.000000 46.672000 46.672000 1.656000 1.946000
2.000000 47.714000 47.714000 1.948000 1.656000
2.000000 48.454000 48.454000 1.782000 1.948000
2.000000 49.658000 49.658000 1.944000 1.782000
2.000000 50.386000 50.386000 1.932000 1.944000
2.000000 51.598000 51.598000 1.940000 1.932000
2.000000 52.326000 52.326000 1.940000 1.940000
2.000000 53.526000 53.526000 1.928000 1.940000
2.000000 54.272000 54.272000 1.946000 1.928000
2.000000 55.216000 55.216000 1.690000 1.946000
2.000000 56.218000 56.218000 1.946000 1.690000
2.000000 56.962000 56.962000 1.746000 1.946000
2.000000 58.164000 58.164000 1.946000 1.746000
2.000000 58.892000 58.892000 1.930000 1.946000
2.000000 60.104000 60.104000 1.940000 1.930000
2.000000 60.832000 60.832000 1.940000 1.940000
2.000000 62.032000 62.032000 1.928000 1.940000
2.000000 62.778000 62.778000 1.946000 1.928000
2.000000 63.760000 63.760000 1.728000 1.946000
2.000000 64.724000 64.724000 1.946000 1.728000
2.000000 65.472000 65.472000 1.712000 1.946000
2.000000 66.670000 66.670000 1.946000 1.712000
2.000000 67.400000 67.400000 1.928000 1.946000
2.000000 68.610000 68.610000 1.940000 1.928000
2.000000 69.338000 69.338000 1.938000 1.940000
2.000000 70.542000 70.542000 1.932000 1.938000
2.000000 71.284000 71.284000 1.946000 1.932000
2.000000 72.304000 72.304000 1.762000 1.946000
2.000000 73.230000 73.230000 1.946000 1.762000
2.000000 73.978000 73.978000 1.674000 1.946000
2.000000 75.176000 75.176000 1.946000 1.674000
2.000000 75.906000 75.906000 1.928000 1.946000
2.000000 77.116000 77.116000 1.940000 1.928000
2.000000 77.844000 77.844000 1.938000 1.940000
2.000000 79.048000 79.048000 1.932000 1.938000
2.000000 79.788000 79.788000 1.944000 1.932000
2.000000 80.848000 80.848000 1.800000 1.944000
2.000000 81.736000 81.736000 1.948000 1.800000
2.000000 82.488000 82.488000 1.640000 1.948000
2.000000 83.682000 83.682000 1.946000 1.640000
2.000000 84.414000 84.414000 1.926000 1.946000
2.000000 85.624000 85.624000 1.942000 1.926000
2.000000 86.352000 86.352000 1.938000 1.942000
2.000000 87.558000 87.558000 1.934000 1.938000
2.000000 88.294000 88.294000 1.942000 1.934000
2.000000 89.392000 89.392000 1.834000 1.942000
2.000000 90.242000 90.242000 1.948000 1.834000
2.000000 90.996000 90.996000 1.604000 1.948000
2.000000 92.188000 92.188000 1.946000 1.604000
2.000000 92.920000 92.920000 1.924000 1.946000
2.000000 94.130000 94.130000 1.942000 1.924000
2.000000 94.856000 94.856000 1.936000 1.942000
2.000000 96.064000 96.064000 1.934000 1.936000
2.000000 96.800000 96.800000 1.944000 1.934000
2.000000 97.936000 97.936000 1.872000 1.944000
2.000000 98.748000 98.748000 1.948000 1.872000
2.000000 99.524000 99.524000 1.588000 1.948000
2.000000 100.694000 100.694000 1.946000 1.588000
2.000000 101.428000 101.428000 1.904000 1.946000
2.000000 102.636000 102.636000 1.942000 1.904000
2.000000 103.364000 103.364000 1.936000 1.942000
2.000000 104.572000 104.572000 1.936000 1.936000
2.000000 105.306000 105.306000 1.942000 1.936000
2.000000 106.476000 106.476000 1.904000 1.942000
2.000000 107.252000 107.252000 1.946000 1.904000
2.000000 108.068000 108.068000 1.592000 1.946000
2.000000 109.200000 109.200000 1.948000 1.592000
2.000000 109.934000 109.934000 1.866000 1.948000
2.000000 111.142000 111.142000 1.942000 1.866000
2.000000 111.870000 111.870000 1.936000 1.942000
2.000000 113.080000 113.080000 1.938000 1.936000
2.000000 113.812000 113.812000 1.942000 1.938000
2.000000 115.004000 115.004000 1.924000 1.942000
2.000000 115.758000 115.758000 1.946000 1.924000
2.000000 116.610000 116.610000 1.606000 1.946000
2.000000 117.706000 117.706000 1.948000 1.606000
2.000000 118.444000 118.444000 1.834000 1.948000
2.000000 119.650000 119.650000 1.944000 1.834000
2.000000 120.376000 120.376000 1.932000 1.944000
2.000000 121.588000 121.588000 1.938000 1.932000
2.000000 122.318000 122.318000 1.942000 1.938000
2.000000 123.514000 123.514000 1.926000 1.942000
2.000000 124.264000 124.264000 1.946000 1.926000
2.000000 125.154000 125.154000 1.640000 1.946000
2.000000 126.210000 126.210000 1.946000 1.640000
2.000000 126.950000 126.950000 1.796000 1.946000
2.000000 128.154000 128.154000 1.944000 1.796000
2.000000 128.882000 128.882000 1.932000 1.944000
2.000000 130.094000 130.094000 1.940000 1.932000
2.000000 130.824000 130.824000 1.942000 1.940000
2.000000 132.020000 132.020000 1.926000 1.942000
2.000000 132.770000 132.770000 1.946000 1.926000
2.000000 133.698000 133.698000 1.678000 1.946000
2.000000 134.716000 134.716000 1.946000 1.678000
2.000000 135.460000 135.460000 1.762000 1.946000
2.000000 136.662000 136.662000 1.946000 1.762000
2.000000 137.390000 137.390000 1.930000 1.946000
2.000000 138.602000 138.602000 1.940000 1.930000
2.000000 139.330000 139.330000 1.940000 1.940000
2.000000 140.530000 140.530000 1.928000 1.940000
2.000000 141.276000 141.276000 1.946000 1.928000
2.000000 142.242000 142.242000 1.712000 1.946000
2.000000 143.222000 143.222000 1.946000 1.712000
2.000000 143.966000 143.966000 1.724000 1.946000
2.000000 145.168000 145.168000 1.946000 1.724000
2.000000 145.896000 145.896000 1.930000 1.946000
2.000000 147.108000 147.108000 1.940000 1.930000
2.000000 147.836000 147.836000 1.940000 1.940000
2.000000 149.038000 149.038000 1.930000 1.940000
2.000000 149.780000 149.780000 1.944000 1.930000
2.000000 150.786000 150.786000 1.748000 1.944000
2.000000 151.728000 151.728000 1.948000 1.748000
2.000000 152.476000 152.476000 1.690000 1.948000
2.000000 153.674000 153.674000 1.946000 1.690000
2.000000 154.404000 154.404000 1.928000 1.946000
2.000000 155.614000 155.614000 1.940000 1.928000
2.000000 156.342000 156.342000 1.938000 1.940000
2.000000 157.546000 157.546000 1.932000 1.938000
2.000000 158.286000 158.286000 1.944000 1.932000
2.000000 159.330000 159.330000 1.784000 1.944000
2.000000 160.234000 160.234000 1.948000 1.784000
2.000000 160.984000 160.984000 1.654000 1.948000
2.000000 162.180000 162.180000 1.946000 1.654000
2.000000 162.910000 162.910000 1.926000 1.946000
2.000000 164.120000 164.120000 1.940000 1.926000
2.000000 164.848000 164.848000 1.938000 1.940000
2.000000 166.054000 166.054000 1.934000 1.938000
2.000000 166.792000 166.792000 1.944000 1.934000
2.000000 167.874000 167.874000 1.820000 1.944000
2.000000 168.740000 168.740000 1.948000 1.820000
2.000000 169.494000 169.494000 1.620000 1.948000
2.000000 170.686000 170.686000 1.946000 1.620000
2.000000 171.418000 171.418000 1.924000 1.946000
2.000000 172.628000 172.628000 1.942000 1.924000
2.000000 173.354000 173.354000 1.936000 1.942000
2.000000 174.562000 174.562000 1.934000 1.936000
2.000000 175.298000 175.298000 1.944000 1.934000
2.000000 176.418000 176.418000 1.856000 1.944000
2.000000 177.244000 177.244000 1.946000 1.856000
2.000000 178.008000 178.008000 1.590000 1.946000
2.000000 179.190000 179.190000 1.946000 1.590000
2.000000 179.924000 179.924000 1.916000 1.946000
2.000000 181.134000 181.134000 1.944000 1.916000
2.000000 181.860000 181.860000 1.936000 1.944000
2.000000 183.068000 183.068000 1.934000 1.936000
2.000000 183.804000 183.804000 1.944000 1.934000
2.000000 184.960000 184.960000 1.892000 1.944000
2.000000 185.750000 185.750000 1.946000 1.892000
2.000000 186.550000 186.550000 1.590000 1.946000
2.000000 187.698000 187.698000 1.948000 1.590000
2.000000 188.432000 188.432000 1.882000 1.948000
2.000000 189.640000 189.640000 1.942000 1.882000
2.000000 190.368000 190.368000 1.936000 1.942000
2.000000 191.578000 191.578000 1.938000 1.936000
2.000000 192.310000 192.310000 1.942000 1.938000
2.000000 193.500000 193.500000 1.922000 1.942000
2.000000 194.256000 194.256000 1.946000 1.922000
2.000000 195.094000 195.094000 1.594000 1.946000
2.000000 196.202000 196.202000 1.946000 1.594000
2.000000 196.940000 196.940000 1.846000 1.946000
2.000000 198.146000 198.146000 1.944000 1.846000
2.000000 198.874000 198.874000 1.934000 1.944000
2.000000 200.084000 200.084000 1.938000 1.934000
2.000000 200.816000 200.816000 1.942000 1.938000
2.000000 202.008000 202.008000 1.924000 1.942000
2.000000 202.762000 202.762000 1.946000 1.924000
2.000000 203.636000 203.636000 1.628000 1.946000
2.000000 204.708000 204.708000 1.946000 1.628000
2.000000 205.448000 205.448000 1.812000 1.946000
2.000000 206.652000 206.652000 1.944000 1.812000
2.000000 207.380000 207.380000 1.932000 1.944000
2.000000 208.592000 208.592000 1.940000 1.932000
2.000000 209.322000 209.322000 1.942000 1.940000
2.000000 210.518000 210.518000 1.926000 1.942000
2.000000 211.268000 211.268000 1.946000 1.926000
2.000000 212.180000 212.180000 1.662000 1.946000
2.000000 213.214000 213.214000 1.946000 1.662000
2.000000 213.956000 213.956000 1.776000 1.946000
2.000000 215.158000 215.158000 1.944000 1.776000
2.000000 215.886000 215.886000 1.930000 1.944000
2.000000 217.098000 217.098000 1.940000 1.930000
2.000000 217.828000 217.828000 1.942000 1.940000
2.000000 219.026000 219.026000 1.928000 1.942000
2.000000 219.772000 219.772000 1.944000 1.928000
2.000000 220.724000 220.724000 1.698000 1.944000
2.000000 221.720000 221.720000 1.948000 1.698000
2.000000 222.464000 222.464000 1.740000 1.948000
2.000000 223.666000 223.666000 1.946000 1.740000
2.000000 224.394000 224.394000 1.930000 1.946000
2.000000 225.606000 225.606000 1.940000 1.930000
2.000000 226.334000 226.334000 1.940000 1.940000
2.000000 227.536000 227.536000 1.930000 1.940000
2.000000 228.278000 228.278000 1.944000 1.930000
2.000000 229.268000 229.268000 1.732000 1.944000
2.000000 230.226000 230.226000 1.948000 1.732000
2.000000 230.972000 230.972000 1.704000 1.948000
2.000000 232.170000 232.170000 1.944000 1.704000
2.000000 232.900000 232.900000 1.928000 1.944000
2.000000 234.112000 234.112000 1.942000 1.928000
2.000000 234.840000 234.840000 1.940000 1.942000
2.000000 236.042000 236.042000 1.930000 1.940000
2.000000 236.784000 236.784000 1.944000 1.930000
2.000000 237.814000 237.814000 1.772000 1.944000
2.000000 238.732000 238.732000 1.948000 1.772000
2.000000 239.482000 239.482000 1.668000 1.948000
2.000000 240.678000 240.678000 1.946000 1.668000
2.000000 241.408000 241.408000 1.926000 1.946000
2.000000 242.618000 242.618000 1.940000 1.926000
2.000000 243.346000 243.346000 1.938000 1.940000
2.000000 244.552000 244.552000 1.934000 1.938000
2.000000 245.290000 245.290000 1.944000 1.934000
2.000000 246.356000 246.356000 1.804000 1.944000
2.000000 247.236000 247.236000 1.946000 1.804000
2.000000 247.988000 247.988000 1.632000 1.946000
2.000000 249.182000 249.182000 1.946000 1.632000
2.000000 249.914000 249.914000 1.926000 1.946000
2.000000 251.124000 251.124000 1.942000 1.926000
2.000000 251.852000 251.852000 1.938000 1.942000
2.000000 253.058000 253.058000 1.934000 1.938000
2.000000 253.796000 253.796000 1.944000 1.934000
2.000000 254.900000 254.900000 1.842000 1.944000
2.000000 255.742000 255.742000 1.946000 1.842000
2.000000 256.498000 256.498000 1.598000 1.946000
2.000000 257.688000 257.688000 1.946000 1.598000
2.000000 258.422000 258.422000 1.924000 1.946000
2.000000 259.632000 259.632000 1.944000 1.924000
2.000000 260.358000 260.358000 1.936000 1.944000
2.000000 261.566000 261.566000 1.934000 1.936000
2.000000 262.302000 262.302000 1.944000 1.934000
2.000000 263.442000 263.442000 1.876000 1.944000
2.000000 264.248000 264.248000 1.946000 1.876000
2.000000 265.034000 265.034000 1.592000 1.946000
2.000000 266.194000 266.194000 1.946000 1.592000
2.000000 266.928000 266.928000 1.894000 1.946000
2.000000 268.138000 268.138000 1.944000 1.894000
2.000000 268.864000 268.864000 1.936000 1.944000
2.000000 270.074000 270.074000 1.936000 1.936000
2.000000 270.808000 270.808000 1.944000 1.936000
2.000000 271.986000 271.986000 1.912000 1.944000
2.000000 272.754000 272.754000 1.946000 1.912000
2.000000 273.574000 273.574000 1.588000 1.946000
2.000000 274.700000 274.700000 1.946000 1.588000
2.000000 275.438000 275.438000 1.864000 1.946000
2.000000 276.644000 276.644000 1.944000 1.864000
2.000000 277.372000 277.372000 1.934000 1.944000
2.000000 278.582000 278.582000 1.938000 1.934000
2.000000 279.314000 279.314000 1.942000 1.938000
2.000000 280.506000 280.506000 1.924000 1.942000
2.000000 281.260000 281.260000 1.946000 1.924000
2.000000 282.118000 282.118000 1.612000 1.946000
2.000000 283.206000 283.206000 1.946000 1.612000
2.000000 283.944000 283.944000 1.826000 1.946000
2.000000 285.150000 285.150000 1.944000 1.826000
2.000000 285.878000 285.878000 1.934000 1.944000
2.000000 287.088000 287.088000 1.938000 1.934000
2.000000 287.820000 287.820000 1.942000 1.938000
2.000000 289.014000 289.014000 1.926000 1.942000
2.000000 289.766000 289.766000 1.946000 1.926000
2.000000 290.662000 290.662000 1.648000 1.946000
2.000000 291.712000 291.712000 1.946000 1.648000
2.000000 292.452000 292.452000 1.790000 1.946000
2.000000 293.656000 293.656000 1.944000 1.790000
2.000000 294.384000 294.384000 1.932000 1.944000
2.000000 295.596000 295.596000 1.940000 1.932000
2.000000 296.326000 296.326000 1.942000 1.940000
2.000000 297.524000 297.524000 1.928000 1.942000
2.000000 298.270000 298.270000 1.944000 1.928000
2.000000 299.206000 299.206000 1.682000 1.944000
2.000000 300.218000 300.218000 1.948000 1.682000
2.000000 300.960000 300.960000 1.754000 1.948000
2.000000 302.162000 302.162000 1.944000 1.754000
2.000000 302.890000 302.890000 1.930000 1.944000
2.000000 304.102000 304.102000 1.940000 1.930000
2.000000 304.830000 304.830000 1.940000 1.940000
2.000000 306.030000 306.030000 1.928000 1.940000
2.000000 306.776000 306.776000 1.946000 1.928000
2.000000 307.750000 307.750000 1.720000 1.946000
2.000000 308.724000 308.724000 1.948000 1.720000
2.000000 309.470000 309.470000 1.720000 1.948000
2.000000 310.668000 310.668000 1.944000 1.720000
2.000000 311.398000 311.398000 1.928000 1.944000
2.000000 312.610000 312.610000 1.942000 1.928000
2.000000 313.338000 313.338000 1.940000 1.942000
2.000000 314.540000 314.540000 1.930000 1.940000
2.000000 315.282000 315.282000 1.944000 1.930000
2.000000 316.294000 316.294000 1.754000 1.944000
2.000000 317.228000 317.228000 1.946000 1.754000
2.000000 317.976000 317.976000 1.682000 1.946000
2.000000 319.174000 319.174000 1.946000 1.682000
2.000000 319.904000 319.904000 1.928000 1.946000
2.000000 321.116000 321.116000 1.942000 1.928000
2.000000 321.844000 321.844000 1.940000 1.942000
2.000000 323.048000 323.048000 1.932000 1.940000
2.000000 323.788000 323.788000 1.944000 1.932000
2.000000 324.840000 324.840000 1.792000 1.944000
2.000000 325.734000 325.734000 1.946000 1.792000
2.000000 326.486000 326.486000 1.646000 1.946000
2.000000 327.680000 327.680000 1.946000 1.646000
2.000000 328.412000 328.412000 1.926000 1.946000
2.000000 329.622000 329.622000 1.942000 1.926000
2.000000 330.350000 330.350000 1.938000 1.942000
2.000000 331.556000 331.556000 1.934000 1.938000
2.000000 332.294000 332.294000 1.944000 1.934000
2.000000 333.382000 333.382000 1.826000 1.944000
2.000000 334.240000 334.240000 1.946000 1.826000
2.000000 334.994000 334.994000 1.612000 1.946000
2.000000 336.186000 336.186000 1.946000 1.612000
2.000000 336.918000 336.918000 1.924000 1.946000
2.000000 338.128000 338.128000 1.942000 1.924000
2.000000 338.856000 338.856000 1.938000 1.942000
2.000000 340.062000 340.062000 1.934000 1.938000
2.000000 340.800000 340.800000 1.944000 1.934000
2.000000 341.926000 341.926000 1.864000 1.944000
2.000000 342.746000 342.746000 1.946000 1.864000
2.000000 343.516000 343.516000 1.590000 1.946000
2.000000 344.692000 344.692000 1.946000 1.590000
2.000000 345.426000 345.426000 1.910000 1.946000
2.000000 346.636000 346.636000 1.944000 1.910000
2.000000 347.362000 347.362000 1.936000 1.944000
2.000000 348.572000 348.572000 1.936000 1.936000
2.000000 349.306000 349.306000 1.944000 1.936000
2.000000 350.468000 350.468000 1.896000 1.944000
2.000000 351.252000 351.252000 1.946000 1.896000
2.000000 352.058000 352.058000 1.590000 1.946000
2.000000 353.198000 353.198000 1.946000 1.590000
2.000000 353.934000 353.934000 1.876000 1.946000
2.000000 355.142000 355.142000 1.944000 1.876000
2.000000 355.868000 355.868000 1.934000 1.944000
2.000000 357.078000 357.078000 1.936000 1.934000
2.000000 357.810000 357.810000 1.942000 1.936000
2.000000 359.002000 359.002000 1.924000 1.942000
2.000000 359.758000 359.758000 1.948000 1.924000
2.000000 360.600000 360.600000 1.598000 1.948000
2.000000 361.704000 361.704000 1.946000 1.598000
2.000000 362.442000 362.442000 1.842000 1.946000
2.000000 363.648000 363.648000 1.944000 1.842000
2.000000 364.376000 364.376000 1.934000 1.944000
2.000000 365.586000 365.586000 1.938000 1.934000
2.000000 366.318000 366.318000 1.942000 1.938000
2.000000 367.512000 367.512000 1.926000 1.942000
2.000000 368.262000 368.262000 1.944000 1.926000
2.000000 369.144000 369.144000 1.632000 1.944000
2.000000 370.210000 370.210000 1.948000 1.632000
2.000000 370.948000 370.948000 1.804000 1.948000
2.000000 372.154000 372.154000 1.944000 1.804000
2.000000 372.882000 372.882000 1.934000 1.944000
2.000000 374.092000 374.092000 1.938000 1.934000
2.000000 374.822000 374.822000 1.940000 1.938000
2.000000 376.018000 376.018000 1.926000 1.940000
2.000000 376.768000 376.768000 1.946000 1.926000
2.000000 377.688000 377.688000 1.670000 1.946000
2.000000 378.716000 378.716000 1.948000 1.670000
2.000000 379.458000 379.458000 1.770000 1.948000
2.000000 380.660000 380.660000 1.944000 1.770000
2.000000 381.388000 381.388000 1.930000 1.944000
2.000000 382.600000 382.600000 1.940000 1.930000
2.000000 383.328000 383.328000 1.940000 1.940000
2.000000 384.528000 384.528000 1.928000 1.940000
2.000000 385.274000 385.274000 1.946000 1.928000
2.000000 386.232000 386.232000 1.704000 1.946000
2.000000 387.220000 387.220000 1.946000 1.704000
2.000000 387.964000 387.964000 1.732000 1.946000
2.000000 389.166000 389.166000 1.946000 1.732000
2.000000 389.894000 389.894000 1.930000 1.946000
2.000000 391.106000 391.106000 1.940000 1.930000
2.000000 391.834000 391.834000 1.940000 1.940000
2.000000 393.036000 393.036000 1.930000 1.940000
2.000000 393.780000 393.780000 1.946000 1.930000
2.000000 394.776000 394.776000 1.740000 1.946000
2.000000 395.726000 395.726000 1.946000 1.740000
2.000000 396.474000 396.474000 1.698000 1.946000
2.000000 397.672000 397.672000 1.946000 1.698000
2.000000 398.402000 398.402000 1.928000 1.946000
2.000000 399.614000 399.614000 1.942000 1.928000
2.000000 400.342000 400.342000 1.940000 1.942000
2.000000 401.544000 401.544000 1.930000 1.940000
2.000000 402.286000 402.286000 1.944000 1.930000
2.000000 403.320000 403.320000 1.776000 1.944000
2.000000 404.232000 404.232000 1.946000 1.776000
2.000000 404.982000 404.982000 1.662000 1.946000
2.000000 406.178000 406.178000 1.946000 1.662000
2.000000 406.908000 406.908000 1.926000 1.946000
2.000000 408.120000 408.120000 1.942000 1.926000
2.000000 408.846000 408.846000 1.938000 1.942000
2.000000 410.052000 410.052000 1.932000 1.938000
2.000000 410.792000 410.792000 1.946000 1.932000
2.000000 411.866000 411.866000 1.814000 1.946000
2.000000 412.738000 412.738000 1.946000 1.814000
2.000000 413.492000 413.492000 1.626000 1.946000
2.000000 414.684000 414.684000 1.946000 1.626000
2.000000 415.416000 415.416000 1.924000 1.946000
2.000000 416.626000 416.626000 1.942000 1.924000
2.000000 417.354000 417.354000 1.938000 1.942000
2.000000 418.560000 418.560000 1.934000 1.938000
2.000000 419.298000 419.298000 1.944000 1.934000
2.000000 420.408000 420.408000 1.848000 1.944000
2.000000 421.244000 421.244000 1.946000 1.848000
2.000000 422.000000 422.000000 1.592000 1.946000
2.000000 423.190000 423.190000 1.946000 1.592000
2.000000 423.922000 423.922000 1.922000 1.946000
2.000000 425.132000 425.132000 1.942000 1.922000
2.000000 425.860000 425.860000 1.938000 1.942000
2.000000 427.068000 427.068000 1.936000 1.938000
2.000000 427.802000 427.802000 1.942000 1.936000
2.000000 428.952000 428.952000 1.884000 1.942000
2.000000 429.750000 429.750000 1.948000 1.884000
2.000000 430.540000 430.540000 1.588000 1.948000
2.000000 431.696000 431.696000 1.946000 1.588000
2.000000 432.432000 432.432000 1.892000 1.946000
2.000000 433.640000 433.640000 1.944000 1.892000
2.000000 434.366000 434.366000 1.934000 1.944000
2.000000 435.576000 435.576000 1.936000 1.934000
2.000000 436.308000 436.308000 1.942000 1.936000
2.000000 437.492000 437.492000 1.916000 1.942000
2.000000 438.254000 438.254000 1.946000 1.916000
2.000000 439.084000 439.084000 1.592000 1.946000
2.000000 440.202000 440.202000 1.948000 1.592000
2.000000 440.938000 440.938000 1.854000 1.948000
2.000000 442.144000 442.144000 1.942000 1.854000
2.000000 442.872000 442.872000 1.934000 1.942000
2.000000 444.082000 444.082000 1.938000 1.934000
2.000000 444.814000 444.814000 1.942000 1.938000
2.000000 446.006000 446.006000 1.924000 1.942000
2.000000 446.760000 446.760000 1.946000 1.924000
2.000000 447.626000 447.626000 1.620000 1.946000
2.000000 448.708000 448.708000 1.948000 1.620000
2.000000 449.446000 449.446000 1.820000 1.948000
2.000000 450.652000 450.652000 1.944000 1.820000
2.000000 451.380000 451.380000 1.934000 1.944000
2.000000 452.590000 452.590000 1.938000 1.934000
2.000000 453.320000 453.320000 1.940000 1.938000
2.000000 454.516000 454.516000 1.926000 1.940000
2.000000 455.266000 455.266000 1.946000 1.926000
2.000000 456.170000 456.170000 1.654000 1.946000
2.000000 457.212000 457.212000 1.946000 1.654000
2.000000 457.954000 457.954000 1.784000 1.946000
2.000000 459.158000 459.158000 1.946000 1.784000
2.000000 459.886000 459.886000 1.932000 1.946000
2.000000 461.096000 461.096000 1.938000 1.932000
2.000000 461.826000 461.826000 1.940000 1.938000
2.000000 463.024000 463.024000 1.928000 1.940000
2.000000 463.772000 463.772000 1.946000 1.928000
2.000000 464.714000 464.714000 1.690000 1.946000
2.000000 465.718000 465.718000 1.946000 1.690000
2.000000 466.462000 466.462000 1.748000 1.946000
2.000000 467.664000 467.664000 1.946000 1.748000
2.000000 468.392000 468.392000 1.930000 1.946000
2.000000 469.604000 469.604000 1.940000 1.930000
2.000000 470.332000 470.332000 1.940000 1.940000
2.000000 471.534000 471.534000 1.930000 1.940000
2.000000 472.278000 472.278000 1.946000 1.930000
2.000000 473.258000 473.258000 1.724000 1.946000
2.000000 474.224000 474.224000 1.946000 1.724000
2.000000 474.970000 474.970000 1.712000 1.946000
2.000000 476.170000 476.170000 1.946000 1.712000
2.000000 476.898000 476.898000 1.928000 1.946000
2.000000 478.110000 478.110000 1.940000 1.928000
2.000000 478.838000 478.838000 1.940000 1.940000
2.000000 480.040000 480.040000 1.930000 1.940000
2.000000 480.784000 480.784000 1.946000 1.930000
2.000000 481.804000 481.804000 1.764000 1.946000
2.000000 482.730000 482.730000 1.946000 1.764000
2.000000 483.480000 483.480000 1.676000 1.946000
2.000000 484.676000 484.676000 1.946000 1.676000
2.000000 485.406000 485.406000 1.926000 1.946000
2.000000 486.618000 486.618000 1.942000 1.926000
2.000000 487.344000 487.344000 1.938000 1.942000
2.000000 488.550000 488.550000 1.932000 1.938000
2.000000 489.288000 489.288000 1.944000 1.932000
2.000000 490.346000 490.346000 1.796000 1.944000
2.000000 491.236000 491.236000 1.948000 1.796000
2.000000 491.986000 491.986000 1.640000 1.948000
2.000000 493.182000 493.182000 1.946000 1.640000
2.000000 493.912000 493.912000 1.926000 1.946000
2.000000 495.124000 495.124000 1.942000 1.926000
2.000000 495.850000 495.850000 1.938000 1.942000
2.000000 497.056000 497.056000 1.932000 1.938000
2.000000 497.794000 497.794000 1.944000 1.932000
2.000000 498.892000 498.892000 1.836000 1.944000
2.000000 499.742000 499.742000 1.948000 1.836000
2.000000 500.496000 500.496000 1.604000 1.948000
2.000000 501.688000 501.688000 1.946000 1.604000
2.000000 502.420000 502.420000 1.924000 1.946000
2.000000 503.630000 503.630000 1.942000 1.924000
2.000000 504.358000 504.358000 1.938000 1.942000
2.000000 505.564000 505.564000 1.934000 1.938000
2.000000 506.300000 506.300000 1.942000 1.934000
2.000000 507.434000 507.434000 1.870000 1.942000
2.000000 508.246000 508.246000 1.946000 1.870000
2.000000 509.024000 509.024000 1.590000 1.946000
2.000000 510.194000 510.194000 1.948000 1.590000
2.000000 510.928000 510.928000 1.904000 1.948000
2.000000 512.136000 512.136000 1.942000 1.904000
2.000000 512.862000 512.862000 1.934000 1.942000
2.000000 514.072000 514.072000 1.936000 1.934000
2.000000 514.806000 514.806000 1.944000 1.936000
2.000000 515.976000 515.976000 1.904000 1.944000
2.000000 516.752000 516.752000 1.946000 1.904000
2.000000 517.566000 517.566000 1.590000 1.946000
2.000000 518.700000 518.700000 1.948000 1.590000
2.000000 519.436000 519.436000 1.870000 1.948000
2.000000 520.642000 520.642000 1.942000 1.870000
2.000000 521.370000 521.370000 1.934000 1.942000
2.000000 522.580000 522.580000 1.938000 1.934000
2.000000 523.312000 523.312000 1.942000 1.938000
2.000000 524.504000 524.504000 1.924000 1.942000
2.000000 525.258000 525.258000 1.946000 1.924000
2.000000 526.110000 526.110000 1.606000 1.946000
2.000000 527.204000 527.204000 1.946000 1.606000
2.000000 527.942000 527.942000 1.832000 1.946000
2.000000 529.148000 529.148000 1.944000 1.832000
2.000000 529.876000 529.876000 1.934000 1.944000
2.000000 531.086000 531.086000 1.938000 1.934000
2.000000 531.818000 531.818000 1.942000 1.938000
2.000000 533.012000 533.012000 1.926000 1.942000
2.000000 533.764000 533.764000 1.946000 1.926000
2.000000 534.652000 534.652000 1.640000 1.946000
2.000000 535.710000 535.710000 1.946000 1.640000
2.000000 536.452000 536.452000 1.800000 1.946000
2.000000 537.656000 537.656000 1.946000 1.800000
2.000000 538.384000 538.384000 1.932000 1.946000
2.000000 539.594000 539.594000 1.938000 1.932000
2.000000 540.324000 540.324000 1.940000 1.938000
2.000000 541.522000 541.522000 1.928000 1.940000
2.000000 542.270000 542.270000 1.946000 1.928000
2.000000 543.196000 543.196000 1.674000 1.946000
2.000000 544.216000 544.216000 1.946000 1.674000
2.000000 544.958000 544.958000 1.762000 1.946000
2.000000 546.160000 546.160000 1.944000 1.762000
2.000000 546.890000 546.890000 1.932000 1.944000
2.000000 548.100000 548.100000 1.940000 1.932000
2.000000 548.830000 548.830000 1.940000 1.940000
2.000000 550.028000 550.028000 1.928000 1.940000
2.000000 550.776000 550.776000 1.946000 1.928000
2.000000 551.740000 551.740000 1.712000 1.946000
2.000000 552.722000 552.722000 1.946000 1.712000
2.000000 553.468000 553.468000 1.728000 1.946000
2.000000 554.668000 554.668000 1.946000 1.728000
2.000000 555.396000 555.396000 1.928000 1.946000
2.000000 556.608000 556.608000 1.940000 1.928000
2.000000 557.336000 557.336000 1.940000 1.940000
2.000000 558.538000 558.538000 1.930000 1.940000
2.000000 559.280000 559.280000 1.944000 1.930000
2.000000 560.286000 560.286000 1.748000 1.944000
2.000000 561.228000 561.228000 1.948000 1.748000
2.000000 561.974000 561.974000 1.688000 1.948000
2.000000 563.172000 563.172000 1.944000 1.688000
2.000000 563.902000 563.902000 1.928000 1.944000
2.000000 565.114000 565.114000 1.942000 1.928000
2.000000 565.842000 565.842000 1.940000 1.942000
2.000000 567.046000 567.046000 1.932000 1.940000
2.000000 567.786000 567.786000 1.944000 1.932000
2.000000 568.830000 568.830000 1.784000 1.944000
2.000000 569.734000 569.734000 1.948000 1.784000
2.000000 570.484000 570.484000 1.654000 1.948000
2.000000 571.680000 571.680000 1.946000 1.654000
2.000000 572.410000 572.410000 1.926000 1.946000
2.000000 573.622000 573.622000 1.942000 1.926000
2.000000 574.348000 574.348000 1.938000 1.942000
2.000000 575.554000 575.554000 1.932000 1.938000
2.000000 576.292000 576.292000 1.944000 1.932000
2.000000 577.372000 577.372000 1.818000 1.944000
2.000000 578.238000 578.238000 1.946000 1.818000
2.000000 578.992000 578.992000 1.620000 1.946000
2.000000 580.184000 580.184000 1.946000 1.620000
2.000000 580.916000 580.916000 1.924000 1.946000
2.000000 582.126000 582.126000 1.942000 1.924000
2.000000 582.854000 582.854000 1.938000 1.942000
2.000000 584.060000 584.060000 1.934000 1.938000
2.000000 584.798000 584.798000 1.944000 1.934000
2.000000 585.916000 585.916000 1.856000 1.944000
2.000000 586.744000 586.744000 1.946000 1.856000
2.000000 587.506000 587.506000 1.590000 1.946000
2.000000 588.692000 588.692000 1.948000 1.590000
2.000000 589.426000 589.426000 1.920000 1.948000
2.000000 590.634000 590.634000 1.942000 1.920000
2.000000 591.360000 591.360000 1.934000 1.942000
2.000000 592.570000 592.570000 1.936000 1.934000
2.000000 593.304000 593.304000 1.944000 1.936000
2.000000 594.458000 594.458000 1.888000 1.944000
2.000000 595.250000 595.250000 1.946000 1.888000
2.000000 596.050000 596.050000 1.592000 1.946000
2.000000 597.196000 597.196000 1.946000 1.592000
2.000000 597.932000 597.932000 1.882000 1.946000
2.000000 599.140000 599.140000 1.944000 1.882000
2.000000 599.866000 599.866000 1.934000 1.944000
2.000000 601.076000 601.076000 1.936000 1.934000
2.000000 601.810000 601.810000 1.944000 1.936000
2.000000 603.000000 603.000000 1.924000 1.944000
2.000000 603.756000 603.756000 1.946000 1.924000
2.000000 604.590000 604.590000 1.590000 1.946000
2.000000 605.702000 605.702000 1.946000 1.590000
2.000000 606.440000 606.440000 1.850000 1.946000
2.000000 607.646000 607.646000 1.944000 1.850000
2.000000 608.374000 608.374000 1.934000 1.944000
2.000000 609.584000 609.584000 1.938000 1.934000
2.000000 610.316000 610.316000 1.942000 1.938000
2.000000 611.510000 611.510000 1.926000 1.942000
2.000000 612.262000 612.262000 1.946000 1.926000
2.000000 613.134000 613.134000 1.624000 1.946000
2.000000 614.208000 614.208000 1.946000 1.624000
2.000000 614.946000 614.946000 1.812000 1.946000
2.000000 616.152000 616.152000 1.944000 1.812000
2.000000 616.880000 616.880000 1.934000 1.944000
2.000000 618.090000 618.090000 1.938000 1.934000
2.000000 618.822000 618.822000 1.942000 1.938000
2.000000 620.018000 620.018000 1.928000 1.942000
2.000000 620.768000 620.768000 1.946000 1.928000
2.000000 621.678000 621.678000 1.660000 1.946000
2.000000 622.714000 622.714000 1.946000 1.660000
2.000000 623.456000 623.456000 1.778000 1.946000
2.000000 624.658000 624.658000 1.944000 1.778000
2.000000 625.388000 625.388000 1.932000 1.944000
2.000000 626.598000 626.598000 1.940000 1.932000
2.000000 627.328000 627.328000 1.940000 1.940000
2.000000 628.526000 628.526000 1.928000 1.940000
2.000000 629.272000 629.272000 1.944000 1.928000
2.000000 630.222000 630.222000 1.696000 1.944000
2.000000 631.220000 631.220000 1.948000 1.696000
2.000000 631.962000 631.962000 1.740000 1.948000
2.000000 633.164000 633.164000 1.944000 1.740000
2.000000 633.894000 633.894000 1.932000 1.944000
2.000000 635.104000 635.104000 1.940000 1.932000
2.000000 635.834000 635.834000 1.940000 1.940000
2.000000 637.034000 637.034000 1.930000 1.940000
2.000000 637.778000 637.778000 1.944000 1.930000
2.000000 638.768000 638.768000 1.734000 1.944000
2.000000 639.726000 639.726000 1.948000 1.734000
2.000000 640.472000 640.472000 1.704000 1.948000
2.000000 641.670000 641.670000 1.944000 1.704000
2.000000 642.400000 642.400000 1.928000 1.944000
2.000000 643.612000 643.612000 1.942000 1.928000
2.000000 644.340000 644.340000 1.940000 1.942000
2.000000 645.544000 645.544000 1.932000 1.940000
2.000000 646.284000 646.284000 1.944000 1.932000
2.000000 647.312000 647.312000 1.768000 1.944000
2.000000 648.230000 648.230000 1.946000 1.768000
2.000000 648.980000 648.980000 1.668000 1.946000
2.000000 650.176000 650.176000 1.946000 1.668000
2.000000 650.906000 650.906000 1.926000 1.946000
2.000000 652.118000 652.118000 1.942000 1.926000
2.000000 652.846000 652.846000 1.940000 1.942000
2.000000 654.050000 654.050000 1.932000 1.940000
2.000000 654.790000 654.790000 1.944000 1.932000
2.000000 655.856000 655.856000 1.806000 1.944000
2.000000 656.736000 656.736000 1.946000 1.806000
2.000000 657.490000 657.490000 1.634000 1.946000
2.000000 658.682000 658.682000 1.946000 1.634000
2.000000 659.414000 659.414000 1.924000 1.946000
2.000000 660.624000 660.624000 1.942000 1.924000
2.000000 661.352000 661.352000 1.938000 1.942000
2.000000 662.558000 662.558000 1.934000 1.938000
2.000000 663.296000 663.296000 1.944000 1.934000
2.000000 664.398000 664.398000 1.840000 1.944000
2.000000 665.242000 665.242000 1.946000 1.840000
2.000000 665.998000 665.998000 1.600000 1.946000
2.000000 667.188000 667.188000 1.946000 1.600000
2.000000 667.922000 667.922000 1.924000 1.946000
2.000000 669.130000 669.130000 1.942000 1.924000
2.000000 669.858000 669.858000 1.936000 1.942000
2.000000 671.066000 671.066000 1.936000 1.936000
2.000000 671.802000 671.802000 1.944000 1.936000
2.000000 672.942000 672.942000 1.876000 1.944000
2.000000 673.748000 673.748000 1.946000 1.876000
2.000000 674.532000 674.532000 1.590000 1.946000
2.000000 675.694000 675.694000 1.946000 1.590000
2.000000 676.430000 676.430000 1.898000 1.946000
2.000000 677.638000 677.638000 1.944000 1.898000
2.000000 678.364000 678.364000 1.934000 1.944000
2.000000 679.574000 679.574000 1.936000 1.934000
2.000000 680.308000 680.308000 1.944000 1.936000
2.000000 681.482000 681.482000 1.908000 1.944000
2.000000 682.254000 682.254000 1.946000 1.908000
2.000000 683.074000 683.074000 1.592000 1.946000
2.000000 684.200000 684.200000 1.946000 1.592000
2.000000 684.936000 684.936000 1.862000 1.946000
2.000000 686.144000 686.144000 1.944000 1.862000
2.000000 686.870000 686.870000 1.934000 1.944000
2.000000 688.080000 688.080000 1.936000 1.934000
2.000000 688.812000 688.812000 1.942000 1.936000
2.000000 690.004000 690.004000 1.924000 1.942000
2.000000 690.760000 690.760000 1.948000 1.924000
2.000000 691.616000 691.616000 1.612000 1.948000
2.000000 692.706000 692.706000 1.946000 1.612000
2.000000 693.444000 693.444000 1.828000 1.946000
2.000000 694.650000 694.650000 1.944000 1.828000
2.000000 695.378000 695.378000 1.934000 1.944000
2.000000 696.588000 696.588000 1.938000 1.934000
2.000000 697.320000 697.320000 1.942000 1.938000
2.000000 698.514000 698.514000 1.926000 1.942000
2.000000 699.264000 699.264000 1.944000 1.926000
2.000000 700.160000 700.160000 1.646000 1.944000
2.000000 701.212000 701.212000 1.948000 1.646000
2.000000 701.952000 701.952000 1.792000 1.948000
2.000000 703.156000 703.156000 1.944000 1.792000
2.000000 703.884000 703.884000 1.932000 1.944000
2.000000 705.094000 705.094000 1.938000 1.932000
2.000000 705.824000 705.824000 1.940000 1.938000
2.000000 707.022000 707.022000 1.928000 1.940000
2.000000 707.770000 707.770000 1.946000 1.928000
2.000000 708.704000 708.704000 1.682000 1.946000
2.000000 709.718000 709.718000 1.948000 1.682000
2.000000 710.460000 710.460000 1.756000 1.948000
2.000000 711.662000 711.662000 1.944000 1.756000
2.000000 712.392000 712.392000 1.932000 1.944000
2.000000 713.602000 713.602000 1.940000 1.932000
2.000000 714.332000 714.332000 1.940000 1.940000
2.000000 715.532000 715.532000 1.930000 1.940000
2.000000 716.276000 716.276000 1.944000 1.930000
2.000000 717.250000 717.250000 1.718000 1.944000
2.000000 718.222000 718.222000 1.946000 1.718000
2.000000 718.968000 718.968000 1.718000 1.946000
2.000000 720.168000 720.168000 1.946000 1.718000
2.000000 720.898000 720.898000 1.930000 1.946000
2.000000 722.108000 722.108000 1.940000 1.930000
2.000000 722.836000 722.836000 1.938000 1.940000
2.000000 724.038000 724.038000 1.930000 1.938000
2.000000 724.782000 724.782000 1.946000 1.930000
2.000000 725.794000 725.794000 1.756000 1.946000
2.000000 726.728000 726.728000 1.946000 1.756000
2.000000 727.478000 727.478000 1.684000 1.946000
2.000000 728.674000 728.674000 1.946000 1.684000
2.000000 729.404000 729.404000 1.926000 1.946000
2.000000 730.616000 730.616000 1.942000 1.926000
2.000000 731.344000 731.344000 1.940000 1.942000
2.000000 732.548000 732.548000 1.932000 1.940000
2.000000 733.288000 733.288000 1.944000 1.932000
2.000000 734.338000 734.338000 1.790000 1.944000
2.000000 735.234000 735.234000 1.946000 1.790000
2.000000 735.984000 735.984000 1.646000 1.946000
2.000000 737.180000 737.180000 1.946000 1.646000
2.000000 737.912000 737.912000 1.928000 1.946000
2.000000 739.122000 739.122000 1.942000 1.928000
2.000000 739.850000 739.850000 1.938000 1.942000
2.000000 741.054000 741.054000 1.932000 1.938000
2.000000 741.794000 741.794000 1.944000 1.932000
2.000000 742.882000 742.882000 1.828000 1.944000
2.000000 743.740000 743.740000 1.946000 1.828000
2.000000 744.494000 744.494000 1.612000 1.946000
2.000000 745.686000 745.686000 1.946000 1.612000
2.000000 746.420000 746.420000 1.926000 1.946000
2.000000 747.628000 747.628000 1.942000 1.926000
2.000000 748.356000 748.356000 1.936000 1.942000
2.000000 749.564000 749.564000 1.936000 1.936000
2.000000 750.300000 750.300000 1.944000 1.936000
2.000000 751.424000 751.424000 1.860000 1.944000
2.000000 752.246000 752.246000 1.946000 1.860000
2.000000 753.016000 753.016000 1.592000 1.946000
2.000000 754.192000 754.192000 1.946000 1.592000
2.000000 754.926000 754.926000 1.910000 1.946000
2.000000 756.134000 756.134000 1.942000 1.910000
2.000000 756.862000 756.862000 1.936000 1.942000
2.000000 758.070000 758.070000 1.936000 1.936000
2.000000 758.804000 758.804000 1.942000 1.936000
2.000000 759.966000 759.966000 1.896000 1.942000
2.000000 760.752000 760.752000 1.948000 1.896000
2.000000 761.556000 761.556000 1.590000 1.948000
2.000000 762.698000 762.698000 1.946000 1.590000
2.000000 763.434000 763.434000 1.878000 1.946000
2.000000 764.642000 764.642000 1.944000 1.878000
2.000000 765.368000 765.368000 1.934000 1.944000
2.000000 766.578000 766.578000 1.936000 1.934000
2.000000 767.310000 767.310000 1.942000 1.936000
2.000000 768.502000 768.502000 1.924000 1.942000
2.000000 769.256000 769.256000 1.946000 1.924000
2.000000 770.100000 770.100000 1.598000 1.946000
2.000000 771.204000 771.204000 1.948000 1.598000
2.000000 771.940000 771.940000 1.840000 1.948000
2.000000 773.148000 773.148000 1.944000 1.840000
2.000000 773.874000 773.874000 1.934000 1.944000
2.000000 775.084000 775.084000 1.936000 1.934000
2.000000 775.816000 775.816000 1.942000 1.936000
2.000000 777.010000 777.010000 1.926000 1.942000
2.000000 777.762000 777.762000 1.946000 1.926000
2.000000 778.642000 778.642000 1.632000 1.946000
2.000000 779.710000 779.710000 1.948000 1.632000
2.000000 780.450000 780.450000 1.808000 1.948000
2.000000 781.654000 781.654000 1.944000 1.808000
2.000000 782.382000 782.382000 1.932000 1.944000
2.000000 783.592000 783.592000 1.938000 1.932000
2.000000 784.322000 784.322000 1.940000 1.938000
2.000000 785.520000 785.520000 1.928000 1.940000
2.000000 786.268000 786.268000 1.946000 1.928000
2.000000 787.186000 787.186000 1.666000 1.946000
2.000000 788.214000 788.214000 1.946000 1.666000
2.000000 788.956000 788.956000 1.770000 1.946000
2.000000 790.160000 790.160000 1.946000 1.770000
2.000000 790.888000 790.888000 1.932000 1.946000
2.000000 792.098000 792.098000 1.938000 1.932000
2.000000 792.828000 792.828000 1.940000 1.938000
2.000000 794.028000 794.028000 1.930000 1.940000
2.000000 794.774000 794.774000 1.946000 1.930000
2.000000 795.730000 795.730000 1.702000 1.946000
2.000000 796.720000 796.720000 1.946000 1.702000
2.000000 797.466000 797.466000 1.736000 1.946000
2.000000 798.666000 798.666000 1.946000 1.736000
2.000000 799.396000 799.396000 1.930000 1.946000
2.000000 800.606000 800.606000 1.940000 1.930000
2.000000 801.334000 801.334000 1.938000 1.940000
2.000000 802.536000 802.536000 1.930000 1.938000
2.000000 803.280000 803.280000 1.946000 1.930000
2.000000 804.276000 804.276000 1.740000 1.946000
2.000000 805.226000 805.226000 1.946000 1.740000
2.000000 805.972000 805.972000 1.696000 1.946000
2.000000 807.172000 807.172000 1.946000 1.696000
2.000000 807.902000 807.902000 1.930000 1.946000
2.000000 809.112000 809.112000 1.940000 1.930000
2.000000 809.840000 809.840000 1.938000 1.940000
2.000000 811.044000 811.044000 1.932000 1.938000
2.000000 811.786000 811.786000 1.946000 1.932000
2.000000 812.820000 812.820000 1.776000 1.946000
2.000000 813.732000 813.732000 1.946000 1.776000
2.000000 814.482000 814.482000 1.662000 1.946000
2.000000 815.678000 815.678000 1.946000 1.662000
2.000000 816.410000 816.410000 1.928000 1.946000
2.000000 817.620000 817.620000 1.942000 1.928000
2.000000 818.348000 818.348000 1.938000 1.942000
2.000000 819.552000 819.552000 1.932000 1.938000
2.000000 820.292000 820.292000 1.944000 1.932000
2.000000 821.364000 821.364000 1.812000 1.944000
2.000000 822.238000 822.238000 1.946000 1.812000
2.000000 822.990000 822.990000 1.626000 1.946000
2.000000 824.184000 824.184000 1.946000 1.626000
2.000000 824.916000 824.916000 1.926000 1.946000
2.000000 826.126000 826.126000 1.942000 1.926000
2.000000 826.852000 826.852000 1.936000 1.942000
2.000000 828.060000 828.060000 1.934000 1.936000
2.000000 828.796000 828.796000 1.944000 1.934000
2.000000 829.908000 829.908000 1.848000 1.944000
2.000000 830.744000 830.744000 1.948000 1.848000
2.000000 831.500000 831.500000 1.592000 1.948000
2.000000 832.690000 832.690000 1.946000 1.592000
2.000000 833.424000 833.424000 1.924000 1.946000
2.000000 834.632000 834.632000 1.942000 1.924000
2.000000 835.360000 835.360000 1.936000 1.942000
2.000000 836.568000 836.568000 1.936000 1.936000
2.000000 837.302000 837.302000 1.942000 1.936000
2.000000 838.448000 838.448000 1.880000 1.942000
2.000000 839.248000 839.248000 1.946000 1.880000
2.000000 840.040000 840.040000 1.592000 1.946000
2.000000 841.196000 841.196000 1.948000 1.592000
2.000000 841.930000 841.930000 1.890000 1.948000
2.000000 843.138000 843.138000 1.942000 1.890000
2.000000 843.866000 843.866000 1.936000 1.942000
2.000000 845.074000 845.074000 1.936000 1.936000
2.000000 845.808000 845.808000 1.942000 1.936000
2.000000 846.992000 846.992000 1.918000 1.942000
2.000000 847.754000 847.754000 1.946000 1.918000
2.000000 848.582000 848.582000 1.590000 1.946000
2.000000 849.702000 849.702000 1.948000 1.590000
2.000000 850.438000 850.438000 1.856000 1.948000
2.000000 851.646000 851.646000 1.944000 1.856000
2.000000 852.372000 852.372000 1.934000 1.944000
2.000000 853.582000 853.582000 1.936000 1.934000
2.000000 854.314000 854.314000 1.942000 1.936000
2.000000 855.508000 855.508000 1.926000 1.942000
2.000000 856.260000 856.260000 1.946000 1.926000
2.000000 857.126000 857.126000 1.618000 1.946000
2.000000 858.206000 858.206000 1.946000 1.618000
2.000000 858.946000 858.946000 1.820000 1.946000
2.000000 860.150000 860.150000 1.944000 1.820000
2.000000 860.878000 860.878000 1.932000 1.944000
2.000000 862.088000 862.088000 1.938000 1.932000
2.000000 862.820000 862.820000 1.942000 1.938000
2.000000 864.016000 864.016000 1.928000 1.942000
2.000000 864.766000 864.766000 1.946000 1.928000
2.000000 865.668000 865.668000 1.652000 1.946000
2.000000 866.712000 866.712000 1.946000 1.652000
2.000000 867.454000 867.454000 1.786000 1.946000
2.000000 868.658000 868.658000 1.946000 1.786000
2.000000 869.386000 869.386000 1.932000 1.946000
2.000000 870.596000 870.596000 1.938000 1.932000
2.000000 871.326000 871.326000 1.940000 1.938000
2.000000 872.524000 872.524000 1.928000 1.940000
2.000000 873.272000 873.272000 1.946000 1.928000
2.000000 874.214000 874.214000 1.690000 1.946000
2.000000 875.218000 875.218000 1.946000 1.690000
2.000000 875.962000 875.962000 1.748000 1.946000
2.000000 877.164000 877.164000 1.946000 1.748000
2.000000 877.892000 877.892000 1.930000 1.946000
2.000000 879.102000 879.102000 1.938000 1.930000
2.000000 879.832000 879.832000 1.940000 1.938000
2.000000 881.032000 881.032000 1.930000 1.940000
2.000000 881.778000 881.778000 1.946000 1.930000
2.000000 882.758000 882.758000 1.726000 1.946000
2.000000 883.724000 883.724000 1.946000 1.726000
2.000000 884.470000 884.470000 1.712000 1.946000
2.000000 885.670000 885.670000 1.946000 1.712000
2.000000 886.400000 886.400000 1.930000 1.946000
2.000000 887.610000 887.610000 1.940000 1.930000
2.000000 888.338000 888.338000 1.938000 1.940000
2.000000 889.542000 889.542000 1.932000 1.938000
2.000000 890.284000 890.284000 1.946000 1.932000
2.000000 891.302000 891.302000 1.760000 1.946000
2.000000 892.230000 892.230000 1.946000 1.760000
2.000000 892.978000 892.978000 1.676000 1.946000
2.000000 894.176000 894.176000 1.946000 1.676000
2.000000 894.906000 894.906000 1.928000 1.946000
2.000000 896.116000 896.116000 1.940000 1.928000
2.000000 896.844000 896.844000 1.938000 1.940000
2.000000 898.048000 898.048000 1.932000 1.938000
2.000000 898.788000 898.788000 1.944000 1.932000
2.000000 899.846000 899.846000 1.798000 1.944000
2.000000 900.736000 900.736000 1.948000 1.798000
2.000000 901.488000 901.488000 1.642000 1.948000
2.000000 902.682000 902.682000 1.946000 1.642000
2.000000 903.414000 903.414000 1.926000 1.946000
2.000000 904.624000 904.624000 1.942000 1.926000
2.000000 905.350000 905.350000 1.936000 1.942000
2.000000 906.558000 906.558000 1.934000 1.936000
2.000000 907.294000 907.294000 1.944000 1.934000
2.000000 908.388000 908.388000 1.830000 1.944000
2.000000 909.242000 909.242000 1.948000 1.830000
2.000000 909.996000 909.996000 1.608000 1.948000
2.000000 911.188000 911.188000 1.946000 1.608000
2.000000 911.920000 911.920000 1.924000 1.946000
2.000000 913.130000 913.130000 1.942000 1.924000
2.000000 913.856000 913.856000 1.936000 1.942000
2.000000 915.064000 915.064000 1.934000 1.936000
2.000000 915.800000 915.800000 1.944000 1.934000
2.000000 916.932000 916.932000 1.868000 1.944000
2.000000 917.746000 917.746000 1.946000 1.868000
2.000000 918.522000 918.522000 1.590000 1.946000
2.000000 919.694000 919.694000 1.948000 1.590000
2.000000 920.428000 920.428000 1.906000 1.948000
2.000000 921.636000 921.636000 1.942000 1.906000
2.000000 922.364000 922.364000 1.936000 1.942000
2.000000 923.572000 923.572000 1.936000 1.936000
2.000000 924.306000 924.306000 1.942000 1.936000
2.000000 925.474000 925.474000 1.902000 1.942000
2.000000 926.252000 926.252000 1.946000 1.902000
2.000000 927.064000 927.064000 1.590000 1.946000
2.000000 928.198000 928.198000 1.946000 1.590000
2.000000 928.934000 928.934000 1.870000 1.946000
2.000000 930.142000 930.142000 1.944000 1.870000
2.000000 930.870000 930.870000 1.936000 1.944000
2.000000 932.078000 932.078000 1.936000 1.936000
2.000000 932.812000 932.812000 1.942000 1.936000
2.000000 934.002000 934.002000 1.924000 1.942000
2.000000 934.758000 934.758000 1.946000 1.924000
2.000000 935.608000 935.608000 1.606000 1.946000
2.000000 936.704000 936.704000 1.946000 1.606000
2.000000 937.444000 937.444000 1.836000 1.946000
2.000000 938.648000 938.648000 1.944000 1.836000
2.000000 939.376000 939.376000 1.932000 1.944000
2.000000 940.586000 940.586000 1.938000 1.932000
2.000000 941.318000 941.318000 1.942000 1.938000
2.000000 942.512000 942.512000 1.926000 1.942000
2.000000 943.264000 943.264000 1.946000 1.926000
2.000000 944.152000 944.152000 1.640000 1.946000
2.000000 945.210000 945.210000 1.946000 1.640000
2.000000 945.950000 945.950000 1.798000 1.946000
2.000000 947.154000 947.154000 1.944000 1.798000
2.000000 947.882000 947.882000 1.932000 1.944000
2.000000 949.092000 949.092000 1.938000 1.932000
2.000000 949.824000 949.824000 1.942000 1.938000
2.000000 951.020000 951.020000 1.928000 1.942000
2.000000 951.770000 951.770000 1.946000 1.928000
2.000000 952.694000 952.694000 1.674000 1.946000
2.000000 953.716000 953.716000 1.946000 1.674000
2.000000 954.458000 954.458000 1.764000 1.946000
2.000000 955.662000 955.662000 1.946000 1.764000
2.000000 956.390000 956.390000 1.932000 1.946000
2.000000 957.600000 957.600000 1.938000 1.932000
2.000000 958.330000 958.330000 1.940000 1.938000
2.000000 959.530000 959.530000 1.930000 1.940000
2.000000 960.276000 960.276000 1.946000 1.930000
2.000000 961.240000 961.240000 1.710000 1.946000
2.000000 962.222000 962.222000 1.946000 1.710000
2.000000 962.966000 962.966000 1.726000 1.946000
2.000000 964.166000 964.166000 1.944000 1.726000
2.000000 964.896000 964.896000 1.930000 1.944000
2.000000 966.106000 966.106000 1.940000 1.930000
2.000000 966.836000 966.836000 1.940000 1.940000
2.000000 968.036000 968.036000 1.930000 1.940000
2.000000 968.780000 968.780000 1.944000 1.930000
2.000000 969.784000 969.784000 1.748000 1.944000
2.000000 970.728000 970.728000 1.948000 1.748000
2.000000 971.476000 971.476000 1.692000 1.948000
2.000000 972.674000 972.674000 1.946000 1.692000
2.000000 973.404000 973.404000 1.928000 1.946000
2.000000 974.614000 974.614000 1.940000 1.928000
2.000000 975.342000 975.342000 1.938000 1.940000
2.000000 976.546000 976.546000 1.932000 1.938000
2.000000 977.286000 977.286000 1.944000 1.932000
2.000000 978.328000 978.328000 1.782000 1.944000
2.000000 979.234000 979.234000 1.948000 1.782000
2.000000 979.982000 979.982000 1.654000 1.948000
2.000000 981.178000 981.178000 1.944000 1.654000
2.000000 981.910000 981.910000 1.928000 1.944000
2.000000 983.120000 983.120000 1.942000 1.928000
2.000000 983.848000 983.848000 1.938000 1.942000
2.000000 985.052000 985.052000 1.932000 1.938000
2.000000 985.792000 985.792000 1.944000 1.932000
2.000000 986.872000 986.872000 1.820000 1.944000
2.000000 987.738000 987.738000 1.946000 1.820000
2.000000 988.492000 988.492000 1.620000 1.946000
2.000000 989.684000 989.684000 1.946000 1.620000
2.000000 990.418000 990.418000 1.926000 1.946000
2.000000 991.628000 991.628000 1.944000 1.926000
2.000000 992.354000 992.354000 1.936000 1.944000
2.000000 993.562000 993.562000 1.934000 1.936000
2.000000 994.298000 994.298000 1.944000 1.934000
2.000000 995.414000 995.414000 1.852000 1.944000
2.000000 996.244000 996.244000 1.946000 1.852000
2.000000 997.006000 997.006000 1.592000 1.946000
2.000000 998.190000 998.190000 1.946000 1.592000
2.000000 998.924000 998.924000 1.918000 1.946000
2.000000 1000.134000 1000.134000 1.944000 1.918000
2.000000 1000.860000 1000.860000 1.936000 1.944000
2.000000 1002.068000 1002.068000 1.934000 1.936000
2.000000 1002.804000 1002.804000 1.944000 1.934000
2.000000 1003.958000 1003.958000 1.890000 1.944000
2.000000 1004.750000 1004.750000 1.946000 1.890000
2.000000 1005.546000 1005.546000 1.588000 1.946000
2.000000 1006.696000 1006.696000 1.946000 1.588000
2.000000 1007.432000 1007.432000 1.886000 1.946000
2.000000 1008.640000 1008.640000 1.944000 1.886000
2.000000 1009.368000 1009.368000 1.936000 1.944000
2.000000 1010.576000 1010.576000 1.936000 1.936000
2.000000 1011.310000 1011.310000 1.942000 1.936000
2.000000 1012.498000 1012.498000 1.922000 1.942000
2.000000 1013.256000 1013.256000 1.946000 1.922000
2.000000 1014.090000 1014.090000 1.592000 1.946000
2.000000 1015.202000 1015.202000 1.946000 1.592000
2.000000 1015.938000 1015.938000 1.848000 1.946000
2.000000 1017.146000 1017.146000 1.944000 1.848000
2.000000 1017.872000 1017.872000 1.934000 1.944000
2.000000 1019.082000 1019.082000 1.936000 1.934000
2.000000 1019.816000 1019.816000 1.944000 1.936000
2.000000 1021.008000 1021.008000 1.926000 1.944000
2.000000 1021.762000 1021.762000 1.946000 1.926000
2.000000 1022.632000 1022.632000 1.624000 1.946000
2.000000 1023.708000 1023.708000 1.946000 1.624000
2.000000 1024.448000 1024.448000 1.816000 1.946000
2.000000 1025.652000 1025.652000 1.944000 1.816000
2.000000 1026.380000 1026.380000 1.932000 1.944000
2.000000 1027.590000 1027.590000 1.938000 1.932000
2.000000 1028.322000 1028.322000 1.942000 1.938000
2.000000 1029.518000 1029.518000 1.928000 1.942000
2.000000 1030.268000 1030.268000 1.946000 1.928000
2.000000 1031.178000 1031.178000 1.660000 1.946000
2.000000 1032.214000 1032.214000 1.946000 1.660000
2.000000 1032.954000 1032.954000 1.776000 1.946000
2.000000 1034.158000 1034.158000 1.944000 1.776000
2.000000 1034.886000 1034.886000 1.932000 1.944000
2.000000 1036.098000 1036.098000 1.940000 1.932000
2.000000 1036.828000 1036.828000 1.942000 1.940000
2.000000 1038.026000 1038.026000 1.928000 1.942000
2.000000 1038.772000 1038.772000 1.944000 1.928000
2.000000 1039.722000 1039.722000 1.696000 1.944000
2.000000 1040.720000 1040.720000 1.948000 1.696000
2.000000 1041.464000 1041.464000 1.742000 1.948000
2.000000 1042.664000 1042.664000 1.944000 1.742000
2.000000 1043.394000 1043.394000 1.930000 1.944000
2.000000 1044.604000 1044.604000 1.940000 1.930000
2.000000 1045.334000 1045.334000 1.940000 1.940000
2.000000 1046.534000 1046.534000 1.930000 1.940000
2.000000 1047.278000 1047.278000 1.944000 1.930000
2.000000 1048.266000 1048.266000 1.732000 1.944000
2.000000 1049.226000 1049.226000 1.948000 1.732000
2.000000 1049.970000 1049.970000 1.704000 1.948000
2.000000 1051.170000 1051.170000 1.944000 1.704000
2.000000 1051.900000 1051.900000 1.930000 1.944000
2.000000 1053.110000 1053.110000 1.940000 1.930000
2.000000 1053.840000 1053.840000 1.940000 1.940000
2.000000 1055.042000 1055.042000 1.932000 1.940000
2.000000 1055.784000 1055.784000 1.944000 1.932000
2.000000 1056.810000 1056.810000 1.768000 1.944000
2.000000 1057.730000 1057.730000 1.946000 1.768000
2.000000 1058.480000 1058.480000 1.670000 1.946000
2.000000 1059.676000 1059.676000 1.946000 1.670000
2.000000 1060.408000 1060.408000 1.928000 1.946000
2.000000 1061.618000 1061.618000 1.942000 1.928000
2.000000 1062.346000 1062.346000 1.938000 1.942000
2.000000 1063.550000 1063.550000 1.932000 1.938000
2.000000 1064.290000 1064.290000 1.944000 1.932000
2.000000 1065.354000 1065.354000 1.804000 1.944000
2.000000 1066.236000 1066.236000 1.946000 1.804000
2.000000 1066.988000 1066.988000 1.634000 1.946000
2.000000 1068.182000 1068.182000 1.946000 1.634000
2.000000 1068.914000 1068.914000 1.926000 1.946000
2.000000 1070.124000 1070.124000 1.942000 1.926000
2.000000 1070.852000 1070.852000 1.938000 1.942000
2.000000 1072.058000 1072.058000 1.934000 1.938000
2.000000 1072.796000 1072.796000 1.944000 1.934000
2.000000 1073.898000 1073.898000 1.840000 1.944000
2.000000 1074.742000 1074.742000 1.946000 1.840000
2.000000 1075.498000 1075.498000 1.600000 1.946000
2.000000 1076.688000 1076.688000 1.946000 1.600000
2.000000 1077.422000 1077.422000 1.924000 1.946000
2.000000 1078.632000 1078.632000 1.944000 1.924000
2.000000 1079.358000 1079.358000 1.936000 1.944000
2.000000 1080.566000 1080.566000 1.934000 1.936000
2.000000 1081.302000 1081.302000 1.944000 1.934000
2.000000 1082.440000 1082.440000 1.874000 1.944000
2.000000 1083.248000 1083.248000 1.946000 1.874000
2.000000 1084.030000 1084.030000 1.590000 1.946000
2.000000 1085.194000 1085.194000 1.946000 1.590000
2.000000 1085.928000 1085.928000 1.898000 1.946000
2.000000 1087.136000 1087.136000 1.942000 1.898000
2.000000 1087.864000 1087.864000 1.936000 1.942000
2.000000 1089.072000 1089.072000 1.936000 1.936000
2.000000 1089.806000 1089.806000 1.942000 1.936000
2.000000 1090.982000 1090.982000 1.910000 1.942000
2.000000 1091.754000 1091.754000 1.948000 1.910000
2.000000 1092.572000 1092.572000 1.590000 1.948000
2.000000 1093.700000 1093.700000 1.946000 1.590000
2.000000 1094.436000 1094.436000 1.864000 1.946000
2.000000 1095.644000 1095.644000 1.944000 1.864000
2.000000 1096.372000 1096.372000 1.936000 1.944000
2.000000 1097.580000 1097.580000 1.936000 1.936000
2.000000 1098.314000 1098.314000 1.942000 1.936000
2.000000 1099.506000 1099.506000 1.926000 1.942000
2.000000 1100.260000 1100.260000 1.946000 1.926000
2.000000 1101.116000 1101.116000 1.610000 1.946000
2.000000 1102.206000 1102.206000 1.946000 1.610000
2.000000 1102.944000 1102.944000 1.828000 1.946000
2.000000 1104.150000 1104.150000 1.944000 1.828000
2.000000 1104.876000 1104.876000 1.932000 1.944000
2.000000 1106.088000 1106.088000 1.938000 1.932000
2.000000 1106.818000 1106.818000 1.942000 1.938000
2.000000 1108.014000 1108.014000 1.926000 1.942000
2.000000 1108.764000 1108.764000 1.946000 1.926000
2.000000 1109.658000 1109.658000 1.644000 1.946000
2.000000 1110.712000 1110.712000 1.948000 1.644000
2.000000 1111.452000 1111.452000 1.794000 1.948000
2.000000 1112.656000 1112.656000 1.944000 1.794000
2.000000 1113.384000 1113.384000 1.932000 1.944000
2.000000 1114.596000 1114.596000 1.940000 1.932000
2.000000 1115.324000 1115.324000 1.940000 1.940000
2.000000 1116.524000 1116.524000 1.928000 1.940000
2.000000 1117.270000 1117.270000 1.946000 1.928000
2.000000 1118.204000 1118.204000 1.680000 1.946000
2.000000 1119.218000 1119.218000 1.948000 1.680000
2.000000 1119.960000 1119.960000 1.756000 1.948000
2.000000 1121.162000 1121.162000 1.944000 1.756000
2.000000 1121.890000 1121.890000 1.930000 1.944000
2.000000 1123.102000 1123.102000 1.940000 1.930000
2.000000 1123.830000 1123.830000 1.940000 1.940000
2.000000 1125.030000 1125.030000 1.928000 1.940000
2.000000 1125.776000 1125.776000 1.946000 1.928000
2.000000 1126.748000 1126.748000 1.718000 1.946000
2.000000 1127.722000 1127.722000 1.946000 1.718000
2.000000 1128.468000 1128.468000 1.720000 1.946000
2.000000 1129.668000 1129.668000 1.946000 1.720000
2.000000 1130.398000 1130.398000 1.930000 1.946000
2.000000 1131.608000 1131.608000 1.940000 1.930000
2.000000 1132.338000 1132.338000 1.940000 1.940000
2.000000 1133.540000 1133.540000 1.932000 1.940000
2.000000 1134.282000 1134.282000 1.944000 1.932000
2.000000 1135.292000 1135.292000 1.752000 1.944000
2.000000 1136.228000 1136.228000 1.946000 1.752000
2.000000 1136.976000 1136.976000 1.684000 1.946000
2.000000 1138.174000 1138.174000 1.946000 1.684000
2.000000 1138.904000 1138.904000 1.928000 1.946000
2.000000 1140.114000 1140.114000 1.940000 1.928000
2.000000 1140.842000 1140.842000 1.938000 1.940000
2.000000 1142.046000 1142.046000 1.932000 1.938000
2.000000 1142.788000 1142.788000 1.946000 1.932000
2.000000 1143.836000 1143.836000 1.790000 1.946000
2.000000 1144.734000 1144.734000 1.946000 1.790000
2.000000 1145.486000 1145.486000 1.650000 1.946000
2.000000 1146.680000 1146.680000 1.946000 1.650000
2.000000 1147.412000 1147.412000 1.926000 1.946000
2.000000 1148.622000 1148.622000 1.942000 1.926000
2.000000 1149.350000 1149.350000 1.938000 1.942000
2.000000 1150.556000 1150.556000 1.934000 1.938000
2.000000 1151.294000 1151.294000 1.944000 1.934000
2.000000 1152.380000 1152.380000 1.824000 1.944000
2.000000 1153.240000 1153.240000 1.946000 1.824000
2.000000 1153.994000 1153.994000 1.614000 1.946000
2.000000 1155.186000 1155.186000 1.946000 1.614000
2.000000 1155.918000 1155.918000 1.924000 1.946000
2.000000 1157.128000 1157.128000 1.942000 1.924000
2.000000 1157.856000 1157.856000 1.938000 1.942000
2.000000 1159.062000 1159.062000 1.934000 1.938000
2.000000 1159.798000 1159.798000 1.942000 1.934000
2.000000 1160.924000 1160.924000 1.862000 1.942000
2.000000 1161.746000 1161.746000 1.948000 1.862000
2.000000 1162.512000 1162.512000 1.588000 1.948000
2.000000 1163.692000 1163.692000 1.946000 1.588000
2.000000 1164.426000 1164.426000 1.914000 1.946000
2.000000 1165.634000 1165.634000 1.942000 1.914000
2.000000 1166.362000 1166.362000 1.936000 1.942000
2.000000 1167.570000 1167.570000 1.936000 1.936000
2.000000 1168.304000 1168.304000 1.942000 1.936000
2.000000 1169.464000 1169.464000 1.894000 1.942000
2.000000 1170.252000 1170.252000 1.948000 1.894000
2.000000 1171.056000 1171.056000 1.592000 1.948000
2.000000 1172.198000 1172.198000 1.946000 1.592000
2.000000 1172.932000 1172.932000 1.876000 1.946000
2.000000 1174.140000 1174.140000 1.942000 1.876000
2.000000 1174.868000 1174.868000 1.936000 1.942000
2.000000 1176.076000 1176.076000 1.936000 1.936000
2.000000 1176.810000 1176.810000 1.942000 1.936000
2.000000 1178.000000 1178.000000 1.924000 1.942000
2.000000 1178.756000 1178.756000 1.946000 1.924000
2.000000 1179.598000 1179.598000 1.598000 1.946000
2.000000 1180.704000 1180.704000 1.948000 1.598000
2.000000 1181.442000 1181.442000 1.844000 1.948000
2.000000 1182.648000 1182.648000 1.944000 1.844000
2.000000 1183.374000 1183.374000 1.932000 1.944000
2.000000 1184.586000 1184.586000 1.938000 1.932000
2.000000 1185.316000 1185.316000 1.942000 1.938000
2.000000 1186.510000 1186.510000 1.924000 1.942000
2.000000 1187.262000 1187.262000 1.946000 1.924000
2.000000 1188.142000 1188.142000 1.632000 1.946000
2.000000 1189.208000 1189.208000 1.946000 1.632000
2.000000 1189.948000 1189.948000 1.806000 1.946000
2.000000 1191.154000 1191.154000 1.946000 1.806000
2.000000 1191.880000 1191.880000 1.932000 1.946000
2.000000 1193.092000 1193.092000 1.938000 1.932000
2.000000 1193.822000 1193.822000 1.942000 1.938000
2.000000 1195.018000 1195.018000 1.926000 1.942000
2.000000 1195.768000 1195.768000 1.946000 1.926000
2.000000 1196.686000 1196.686000 1.668000 1.946000
2.000000 1197.714000 1197.714000 1.946000 1.668000
2.000000 1198.458000 1198.458000 1.772000 1.946000
2.000000 1199.660000 1199.660000 1.946000 1.772000
2.000000 1200.388000 1200.388000 1.930000 1.946000
2.000000 1201.600000 1201.600000 1.940000 1.930000
2.000000 1202.328000 1202.328000 1.940000 1.940000
2.000000 1203.528000 1203.528000 1.928000 1.940000
2.000000 1204.274000 1204.274000 1.946000 1.928000
2.000000 1205.230000 1205.230000 1.702000 1.946000
2.000000 1206.220000 1206.220000 1.946000 1.702000
2.000000 1206.964000 1206.964000 1.734000 1.946000
2.000000 1208.166000 1208.166000 1.946000 1.734000
2.000000 1208.894000 1208.894000 1.930000 1.946000
2.000000 1210.106000 1210.106000 1.940000 1.930000
2.000000 1210.834000 1210.834000 1.940000 1.940000
2.000000 1212.036000 1212.036000 1.930000 1.940000
2.000000 1212.780000 1212.780000 1.946000 1.930000
2.000000 1213.774000 1213.774000 1.738000 1.946000
2.000000 1214.726000 1214.726000 1.946000 1.738000
2.000000 1215.474000 1215.474000 1.700000 1.946000
2.000000 1216.672000 1216.672000 1.946000 1.700000
2.000000 1217.402000 1217.402000 1.928000 1.946000
2.000000 1218.612000 1218.612000 1.940000 1.928000
2.000000 1219.340000 1219.340000 1.938000 1.940000
2.000000 1220.544000 1220.544000 1.932000 1.938000
2.000000 1221.286000 1221.286000 1.946000 1.932000
2.000000 1222.318000 1222.318000 1.774000 1.946000
2.000000 1223.232000 1223.232000 1.946000 1.774000
2.000000 1223.980000 1223.980000 1.662000 1.946000
2.000000 1225.178000 1225.178000 1.946000 1.662000
2.000000 1225.908000 1225.908000 1.928000 1.946000
2.000000 1227.118000 1227.118000 1.940000 1.928000
2.000000 1227.846000 1227.846000 1.938000 1.940000
2.000000 1229.052000 1229.052000 1.934000 1.938000
2.000000 1229.790000 1229.790000 1.944000 1.934000
2.000000 1230.862000 1230.862000 1.810000 1.944000
2.000000 1231.738000 1231.738000 1.948000 1.810000
2.000000 1232.490000 1232.490000 1.628000 1.948000
2.000000 1233.684000 1233.684000 1.946000 1.628000
2.000000 1234.416000 1234.416000 1.926000 1.946000
2.000000 1235.626000 1235.626000 1.942000 1.926000
2.000000 1236.354000 1236.354000 1.938000 1.942000
2.000000 1237.560000 1237.560000 1.934000 1.938000
2.000000 1238.296000 1238.296000 1.942000 1.934000
2.000000 1239.404000 1239.404000 1.844000 1.942000
2.000000 1240.244000 1240.244000 1.948000 1.844000
2.000000 1240.998000 1240.998000 1.594000 1.948000
2.000000 1242.190000 1242.190000 1.946000 1.594000
2.000000 1242.922000 1242.922000 1.924000 1.946000
2.000000 1244.132000 1244.132000 1.942000 1.924000
2.000000 1244.858000 1244.858000 1.936000 1.942000
2.000000 1246.066000 1246.066000 1.934000 1.936000
2.000000 1246.802000 1246.802000 1.944000 1.934000
2.000000 1247.948000 1247.948000 1.882000 1.944000
2.000000 1248.748000 1248.748000 1.946000 1.882000
2.000000 1249.538000 1249.538000 1.590000 1.946000
2.000000 1250.696000 1250.696000 1.948000 1.590000
2.000000 1251.430000 1251.430000 1.892000 1.948000
2.000000 1252.638000 1252.638000 1.942000 1.892000
2.000000 1253.366000 1253.366000 1.936000 1.942000
2.000000 1254.574000 1254.574000 1.936000 1.936000
2.000000 1255.308000 1255.308000 1.942000 1.936000
2.000000 1256.488000 1256.488000 1.914000 1.942000
2.000000 1257.254000 1257.254000 1.946000 1.914000
2.000000 1258.080000 1258.080000 1.592000 1.946000
2.000000 1259.200000 1259.200000 1.946000 1.592000
2.000000 1259.938000 1259.938000 1.858000 1.946000
2.000000 1261.144000 1261.144000 1.944000 1.858000
2.000000 1261.872000 1261.872000 1.934000 1.944000
2.000000 1263.082000 1263.082000 1.938000 1.934000
2.000000 1263.814000 1263.814000 1.942000 1.938000
2.000000 1265.006000 1265.006000 1.924000 1.942000
2.000000 1265.760000 1265.760000 1.946000 1.924000
2.000000 1266.624000 1266.624000 1.618000 1.946000
2.000000 1267.706000 1267.706000 1.946000 1.618000
2.000000 1268.446000 1268.446000 1.822000 1.946000
2.000000 1269.652000 1269.652000 1.946000 1.822000
2.000000 1270.378000 1270.378000 1.932000 1.946000
2.000000 1271.590000 1271.590000 1.938000 1.932000
2.000000 1272.320000 1272.320000 1.942000 1.938000
2.000000 1273.516000 1273.516000 1.926000 1.942000
2.000000 1274.266000 1274.266000 1.946000 1.926000
2.000000 1275.168000 1275.168000 1.652000 1.946000
2.000000 1276.212000 1276.212000 1.946000 1.652000
2.000000 1276.952000 1276.952000 1.784000 1.946000
2.000000 1278.156000 1278.156000 1.944000 1.784000
2.000000 1278.884000 1278.884000 1.932000 1.944000
2.000000 1280.096000 1280.096000 1.940000 1.932000
2.000000 1280.826000 1280.826000 1.942000 1.940000
2.000000 1282.024000 1282.024000 1.928000 1.942000
2.000000 1282.772000 1282.772000 1.946000 1.928000
2.000000 1283.712000 1283.712000 1.688000 1.946000
2.000000 1284.718000 1284.718000 1.946000 1.688000
2.000000 1285.462000 1285.462000 1.750000 1.946000
2.000000 1286.664000 1286.664000 1.946000 1.750000
2.000000 1287.392000 1287.392000 1.930000 1.946000
2.000000 1288.604000 1288.604000 1.940000 1.930000
2.000000 1289.332000 1289.332000 1.940000 1.940000
2.000000 1290.532000 1290.532000 1.928000 1.940000
2.000000 1291.278000 1291.278000 1.946000 1.928000
2.000000 1292.256000 1292.256000 1.724000 1.946000
2.000000 1293.224000 1293.224000 1.946000 1.724000
2.000000 1293.970000 1293.970000 1.714000 1.946000
2.000000 1295.168000 1295.168000 1.944000 1.714000
2.000000 1295.898000 1295.898000 1.928000 1.944000
2.000000 1297.110000 1297.110000 1.942000 1.928000
2.000000 1297.838000 1297.838000 1.940000 1.942000
2.000000 1299.040000 1299.040000 1.930000 1.940000
2.000000 1299.782000 1299.782000 1.944000 1.930000
2.000000 1300.800000 1300.800000 1.760000 1.944000
2.000000 1301.730000 1301.730000 1.948000 1.760000
2.000000 1302.478000 1302.478000 1.678000 1.948000
2.000000 1303.676000 1303.676000 1.946000 1.678000
2.000000 1304.406000 1304.406000 1.928000 1.946000
2.000000 1305.616000 1305.616000 1.940000 1.928000
2.000000 1306.344000 1306.344000 1.938000 1.940000
2.000000 1307.550000 1307.550000 1.934000 1.938000
2.000000 1308.288000 1308.288000 1.944000 1.934000
2.000000 1309.344000 1309.344000 1.794000 1.944000
2.000000 1310.236000 1310.236000 1.948000 1.794000
2.000000 1310.986000 1310.986000 1.642000 1.948000
2.000000 1312.180000 1312.180000 1.944000 1.642000
2.000000 1312.912000 1312.912000 1.926000 1.944000
2.000000 1314.122000 1314.122000 1.942000 1.926000
2.000000 1314.850000 1314.850000 1.938000 1.942000
2.000000 1316.056000 1316.056000 1.934000 1.938000
2.000000 1316.794000 1316.794000 1.944000 1.934000
2.000000 1317.888000 1317.888000 1.832000 1.944000
2.000000 1318.740000 1318.740000 1.946000 1.832000
2.000000 1319.496000 1319.496000 1.608000 1.946000
2.000000 1320.688000 1320.688000 1.948000 1.608000
2.000000 1321.420000 1321.420000 1.924000 1.948000
2.000000 1322.630000 1322.630000 1.942000 1.924000
2.000000 1323.356000 1323.356000 1.936000 1.942000
2.000000 1324.564000 1324.564000 1.934000 1.936000
2.000000 1325.300000 1325.300000 1.944000 1.934000
2.000000 1326.430000 1326.430000 1.866000 1.944000
2.000000 1327.246000 1327.246000 1.946000 1.866000
2.000000 1328.022000 1328.022000 1.592000 1.946000
2.000000 1329.192000 1329.192000 1.946000 1.592000
2.000000 1329.926000 1329.926000 1.904000 1.946000
2.000000 1331.136000 1331.136000 1.944000 1.904000
2.000000 1331.862000 1331.862000 1.936000 1.944000
2.000000 1333.070000 1333.070000 1.934000 1.936000
2.000000 1333.806000 1333.806000 1.944000 1.934000
2.000000 1334.974000 1334.974000 1.904000 1.944000
2.000000 1335.752000 1335.752000 1.946000 1.904000
2.000000 1336.562000 1336.562000 1.588000 1.946000
2.000000 1337.698000 1337.698000 1.946000 1.588000
2.000000 1338.436000 1338.436000 1.874000 1.946000
2.000000 1339.642000 1339.642000 1.944000 1.874000
2.000000 1340.370000 1340.370000 1.934000 1.944000
2.000000 1341.580000 1341.580000 1.938000 1.934000
2.000000 1342.312000 1342.312000 1.942000 1.938000
2.000000 1343.504000 1343.504000 1.924000 1.942000
2.000000 1344.258000 1344.258000 1.946000 1.924000
2.000000 1345.106000 1345.106000 1.602000 1.946000
2.000000 1346.204000 1346.204000 1.946000 1.602000
2.000000 1346.942000 1346.942000 1.836000 1.946000
2.000000 1348.148000 1348.148000 1.944000 1.836000
2.000000 1348.876000 1348.876000 1.934000 1.944000
2.000000 1350.086000 1350.086000 1.938000 1.934000
2.000000 1350.818000 1350.818000 1.942000 1.938000
2.000000 1352.012000 1352.012000 1.926000 1.942000
2.000000 1352.764000 1352.764000 1.946000 1.926000
2.000000 1353.650000 1353.650000 1.638000 1.946000
2.000000 1354.710000 1354.710000 1.946000 1.638000
2.000000 1355.450000 1355.450000 1.800000 1.946000
2.000000 1356.654000 1356.654000 1.944000 1.800000
2.000000 1357.382000 1357.382000 1.932000 1.944000
2.000000 1358.594000 1358.594000 1.940000 1.932000
2.000000 1359.324000 1359.324000 1.942000 1.940000
2.000000 1360.522000 1360.522000 1.928000 1.942000
2.000000 1361.270000 1361.270000 1.946000 1.928000
2.000000 1362.194000 1362.194000 1.672000 1.946000
2.000000 1363.216000 1363.216000 1.946000 1.672000
2.000000 1363.958000 1363.958000 1.764000 1.946000
2.000000 1365.160000 1365.160000 1.944000 1.764000
2.000000 1365.888000 1365.888000 1.930000 1.944000
2.000000 1367.100000 1367.100000 1.940000 1.930000
2.000000 1367.830000 1367.830000 1.942000 1.940000
2.000000 1369.028000 1369.028000 1.928000 1.942000
2.000000 1369.774000 1369.774000 1.944000 1.928000
2.000000 1370.738000 1370.738000 1.710000 1.944000
2.000000 1371.722000 1371.722000 1.948000 1.710000
2.000000 1372.466000 1372.466000 1.728000 1.948000
2.000000 1373.666000 1373.666000 1.944000 1.728000
2.000000 1374.396000 1374.396000 1.930000 1.944000
2.000000 1375.608000 1375.608000 1.942000 1.930000
2.000000 1376.336000 1376.336000 1.940000 1.942000
2.000000 1377.538000 1377.538000 1.930000 1.940000
2.000000 1378.280000 1378.280000 1.944000 1.930000
2.000000 1379.282000 1379.282000 1.744000 1.944000
2.000000 1380.228000 1380.228000 1.948000 1.744000
2.000000 1380.974000 1380.974000 1.692000 1.948000
2.000000 1382.172000 1382.172000 1.944000 1.692000
2.000000 1382.902000 1382.902000 1.928000 1.944000
2.000000 1384.114000 1384.114000 1.942000 1.928000
2.000000 1384.842000 1384.842000 1.940000 1.942000
2.000000 1386.044000 1386.044000 1.930000 1.940000
2.000000 1386.786000 1386.786000 1.944000 1.930000
2.000000 1387.826000 1387.826000 1.782000 1.944000
2.000000 1388.732000 1388.732000 1.946000 1.782000
2.000000 1389.484000 1389.484000 1.658000 1.946000
2.000000 1390.678000 1390.678000 1.946000 1.658000
2.000000 1391.410000 1391.410000 1.926000 1.946000
2.000000 1392.620000 1392.620000 1.942000 1.926000
2.000000 1393.348000 1393.348000 1.938000 1.942000
2.000000 1394.554000 1394.554000 1.934000 1.938000
2.000000 1395.292000 1395.292000 1.944000 1.934000
2.000000 1396.370000 1396.370000 1.816000 1.944000
2.000000 1397.238000 1397.238000 1.946000 1.816000
2.000000 1397.992000 1397.992000 1.622000 1.946000
2.000000 1399.184000 1399.184000 1.946000 1.622000
2.000000 1399.916000 1399.916000 1.924000 1.946000
2.000000 1401.126000 1401.126000 1.942000 1.924000
2.000000 1401.854000 1401.854000 1.938000 1.942000
2.000000 1403.060000 1403.060000 1.934000 1.938000
2.000000 1403.798000 1403.798000 1.944000 1.934000
2.000000 1404.914000 1404.914000 1.854000 1.944000
2.000000 1405.744000 1405.744000 1.946000 1.854000
2.000000 1406.504000 1406.504000 1.590000 1.946000
2.000000 1407.690000 1407.690000 1.946000 1.590000
2.000000 1408.424000 1408.424000 1.920000 1.946000
2.000000 1409.634000 1409.634000 1.944000 1.920000
2.000000 1410.360000 1410.360000 1.936000 1.944000
2.000000 1411.568000 1411.568000 1.934000 1.936000
2.000000 1412.304000 1412.304000 1.944000 1.934000
2.000000 1413.456000 1413.456000 1.888000 1.944000
2.000000 1414.250000 1414.250000 1.946000 1.888000
2.000000 1415.046000 1415.046000 1.590000 1.946000
2.000000 1416.196000 1416.196000 1.946000 1.590000
2.000000 1416.932000 1416.932000 1.886000 1.946000
2.000000 1418.140000 1418.140000 1.944000 1.886000
2.000000 1418.866000 1418.866000 1.934000 1.944000
2.000000 1420.076000 1420.076000 1.936000 1.934000
2.000000 1420.810000 1420.810000 1.944000 1.936000
2.000000 1421.998000 1421.998000 1.922000 1.944000
2.000000 1422.756000 1422.756000 1.946000 1.922000
2.000000 1423.588000 1423.588000 1.590000 1.946000
2.000000 1424.702000 1424.702000 1.946000 1.590000
2.000000 1425.440000 1425.440000 1.852000 1.946000
2.000000 1426.646000 1426.646000 1.944000 1.852000
2.000000 1427.374000 1427.374000 1.934000 1.944000
2.000000 1428.584000 1428.584000 1.938000 1.934000
2.000000 1429.316000 1429.316000 1.942000 1.938000
2.000000 1430.508000 1430.508000 1.924000 1.942000
2.000000 1431.262000 1431.262000 1.946000 1.924000
2.000000 1432.132000 1432.132000 1.624000 1.946000
2.000000 1433.208000 1433.208000 1.946000 1.624000
2.000000 1433.946000 1433.946000 1.814000 1.946000
2.000000 1435.152000 1435.152000 1.944000 1.814000
2.000000 1435.880000 1435.880000 1.934000 1.944000
2.000000 1437.090000 1437.090000 1.938000 1.934000
2.000000 1437.820000 1437.820000 1.940000 1.938000
2.000000 1439.016000 1439.016000 1.926000 1.940000
2.000000 1439.766000 1439.766000 1.946000 1.926000
2.000000 1440.676000 1440.676000 1.660000 1.946000
2.000000 1441.714000 1441.714000 1.948000 1.660000
2.000000 1442.456000 1442.456000 1.780000 1.948000
2.000000 1443.658000 1443.658000 1.944000 1.780000
2.000000 1444.386000 1444.386000 1.930000 1.944000
2.000000 1445.598000 1445.598000 1.940000 1.930000
2.000000 1446.328000 1446.328000 1.942000 1.940000
2.000000 1447.526000 1447.526000 1.928000 1.942000
2.000000 1448.272000 1448.272000 1.944000 1.928000
2.000000 1449.220000 1449.220000 1.694000 1.944000
2.000000 1450.220000 1450.220000 1.948000 1.694000
2.000000 1450.962000 1450.962000 1.742000 1.948000
2.000000 1452.164000 1452.164000 1.944000 1.742000
2.000000 1452.892000 1452.892000 1.930000 1.944000
2.000000 1454.104000 1454.104000 1.940000 1.930000
2.000000 1454.832000 1454.832000 1.940000 1.940000
2.000000 1456.034000 1456.034000 1.930000 1.940000
2.000000 1456.778000 1456.778000 1.946000 1.930000
2.000000 1457.764000 1457.764000 1.730000 1.946000
2.000000 1458.726000 1458.726000 1.948000 1.730000
2.000000 1459.472000 1459.472000 1.708000 1.948000
2.000000 1460.670000 1460.670000 1.944000 1.708000
2.000000 1461.400000 1461.400000 1.928000 1.944000
2.000000 1462.612000 1462.612000 1.942000 1.928000
2.000000 1463.340000 1463.340000 1.940000 1.942000
2.000000 1464.542000 1464.542000 1.930000 1.940000
2.000000 1465.284000 1465.284000 1.944000 1.930000
2.000000 1466.308000 1466.308000 1.766000 1.944000
2.000000 1467.230000 1467.230000 1.946000 1.766000
2.000000 1467.980000 1467.980000 1.672000 1.946000
2.000000 1469.176000 1469.176000 1.946000 1.672000
2.000000 1469.906000 1469.906000 1.926000 1.946000
2.000000 1471.118000 1471.118000 1.942000 1.926000
2.000000 1471.844000 1471.844000 1.938000 1.942000
2.000000 1473.050000 1473.050000 1.932000 1.938000
2.000000 1473.790000 1473.790000 1.946000 1.932000
2.000000 1474.852000 1474.852000 1.802000 1.946000
2.000000 1475.736000 1475.736000 1.946000 1.802000
2.000000 1476.488000 1476.488000 1.636000 1.946000
2.000000 1477.682000 1477.682000 1.946000 1.636000
2.000000 1478.414000 1478.414000 1.926000 1.946000
2.000000 1479.624000 1479.624000 1.942000 1.926000
2.000000 1480.352000 1480.352000 1.938000 1.942000
2.000000 1481.558000 1481.558000 1.934000 1.938000
2.000000 1482.296000 1482.296000 1.944000 1.934000
2.000000 1483.396000 1483.396000 1.838000 1.944000
2.000000 1484.242000 1484.242000 1.946000 1.838000
2.000000 1484.996000 1484.996000 1.600000 1.946000
2.000000 1486.188000 1486.188000 1.946000 1.600000
2.000000 1486.920000 1486.920000 1.924000 1.946000
2.000000 1488.130000 1488.130000 1.942000 1.924000
2.000000 1488.858000 1488.858000 1.938000 1.942000
2.000000 1490.064000 1490.064000 1.934000 1.938000
2.000000 1490.800000 1490.800000 1.942000 1.934000
2.000000 1491.940000 1491.940000 1.876000 1.942000
2.000000 1492.748000 1492.748000 1.948000 1.876000
2.000000 1493.528000 1493.528000 1.588000 1.948000
2.000000 1494.694000 1494.694000 1.946000 1.588000
2.000000 1495.430000 1495.430000 1.902000 1.946000
2.000000 1496.638000 1496.638000 1.944000 1.902000
2.000000 1497.364000 1497.364000 1.934000 1.944000
2.000000 1498.574000 1498.574000 1.936000 1.934000
2.000000 1499.308000 1499.308000 1.944000 1.936000
2.000000 1500.480000 1500.480000 1.906000 1.944000
2.000000 1501.254000 1501.254000 1.946000 1.906000
2.000000 1502.072000 1502.072000 1.592000 1.946000
2.000000 1503.200000 1503.200000 1.946000 1.592000
2.000000 1503.936000 1503.936000 1.864000 1.946000
2.000000 1505.144000 1505.144000 1.944000 1.864000
2.000000 1505.870000 1505.870000 1.934000 1.944000
2.000000 1507.080000 1507.080000 1.936000 1.934000
2.000000 1507.812000 1507.812000 1.942000 1.936000
2.000000 1509.004000 1509.004000 1.924000 1.942000
2.000000 1509.758000 1509.758000 1.946000 1.924000
2.000000 1510.614000 1510.614000 1.610000 1.946000
2.000000 1511.706000 1511.706000 1.948000 1.610000
2.000000 1512.444000 1512.444000 1.830000 1.948000
2.000000 1513.650000 1513.650000 1.944000 1.830000
2.000000 1514.378000 1514.378000 1.934000 1.944000
2.000000 1515.588000 1515.588000 1.938000 1.934000
2.000000 1516.318000 1516.318000 1.940000 1.938000
2.000000 1517.514000 1517.514000 1.926000 1.940000
2.000000 1518.264000 1518.264000 1.946000 1.926000
2.000000 1519.158000 1519.158000 1.644000 1.946000
2.000000 1520.212000 1520.212000 1.948000 1.644000
2.000000 1520.952000 1520.952000 1.794000 1.948000
2.000000 1522.156000 1522.156000 1.944000 1.794000
2.000000 1522.884000 1522.884000 1.932000 1.944000
2.000000 1524.094000 1524.094000 1.938000 1.932000
2.000000 1524.824000 1524.824000 1.940000 1.938000
2.000000 1526.022000 1526.022000 1.928000 1.940000
2.000000 1526.770000 1526.770000 1.946000 1.928000
2.000000 1527.702000 1527.702000 1.680000 1.946000
2.000000 1528.718000 1528.718000 1.948000 1.680000
2.000000 1529.460000 1529.460000 1.758000 1.948000
2.000000 1530.662000 1530.662000 1.944000 1.758000
2.000000 1531.390000 1531.390000 1.930000 1.944000
2.000000 1532.602000 1532.602000 1.940000 1.930000
2.000000 1533.330000 1533.330000 1.940000 1.940000
2.000000 1534.532000 1534.532000 1.930000 1.940000
2.000000 1535.276000 1535.276000 1.946000 1.930000
2.000000 1536.246000 1536.246000 1.714000 1.946000
2.000000 1537.222000 1537.222000 1.946000 1.714000
2.000000 1537.968000 1537.968000 1.722000 1.946000
2.000000 1539.168000 1539.168000 1.946000 1.722000
2.000000 1539.896000 1539.896000 1.928000 1.946000
2.000000 1541.108000 1541.108000 1.940000 1.928000
2.000000 1541.836000 1541.836000 1.940000 1.940000
2.000000 1543.038000 1543.038000 1.930000 1.940000
2.000000 1543.782000 1543.782000 1.946000 1.930000
2.000000 1544.790000 1544.790000 1.752000 1.946000
2.000000 1545.728000 1545.728000 1.946000 1.752000
2.000000 1546.476000 1546.476000 1.686000 1.946000
2.000000 1547.674000 1547.674000 1.946000 1.686000
2.000000 1548.404000 1548.404000 1.928000 1.946000
2.000000 1549.616000 1549.616000 1.942000 1.928000
2.000000 1550.342000 1550.342000 1.938000 1.942000
2.000000 1551.548000 1551.548000 1.932000 1.938000
2.000000 1552.288000 1552.288000 1.946000 1.932000
2.000000 1553.334000 1553.334000 1.786000 1.946000
2.000000 1554.234000 1554.234000 1.946000 1.786000
2.000000 1554.984000 1554.984000 1.650000 1.946000
2.000000 1556.180000 1556.180000 1.946000 1.650000
2.000000 1556.910000 1556.910000 1.926000 1.946000
2.000000 1558.122000 1558.122000 1.942000 1.926000
2.000000 1558.848000 1558.848000 1.938000 1.942000
2.000000 1560.054000 1560.054000 1.932000 1.938000
2.000000 1560.792000 1560.792000 1.944000 1.932000
2.000000 1561.878000 1561.878000 1.824000 1.944000
2.000000 1562.740000 1562.740000 1.948000 1.824000
2.000000 1563.494000 1563.494000 1.616000 1.948000
2.000000 1564.686000 1564.686000 1.946000 1.616000
2.000000 1565.418000 1565.418000 1.924000 1.946000
2.000000 1566.628000 1566.628000 1.942000 1.924000
2.000000 1567.356000 1567.356000 1.938000 1.942000
2.000000 1568.562000 1568.562000 1.934000 1.938000
2.000000 1569.298000 1569.298000 1.942000 1.934000
2.000000 1570.420000 1570.420000 1.858000 1.942000
2.000000 1571.246000 1571.246000 1.948000 1.858000
2.000000 1572.012000 1572.012000 1.592000 1.948000
2.000000 1573.192000 1573.192000 1.946000 1.592000
2.000000 1573.926000 1573.926000 1.914000 1.946000
2.000000 1575.134000 1575.134000 1.942000 1.914000
2.000000 1575.862000 1575.862000 1.936000 1.942000
2.000000 1577.070000 1577.070000 1.936000 1.936000
2.000000 1577.804000 1577.804000 1.942000 1.936000
2.000000 1578.964000 1578.964000 1.894000 1.942000
2.000000 1579.750000 1579.750000 1.946000 1.894000
2.000000 1580.554000 1580.554000 1.590000 1.946000
2.000000 1581.698000 1581.698000 1.948000 1.590000
2.000000 1582.434000 1582.434000 1.880000 1.948000
2.000000 1583.642000 1583.642000 1.944000 1.880000
2.000000 1584.368000 1584.368000 1.934000 1.944000
2.000000 1585.578000 1585.578000 1.936000 1.934000
2.000000 1586.310000 1586.310000 1.942000 1.936000
2.000000 1587.502000 1587.502000 1.924000 1.942000
2.000000 1588.256000 1588.256000 1.946000 1.924000
2.000000 1589.096000 1589.096000 1.594000 1.946000
2.000000 1590.204000 1590.204000 1.948000 1.594000
2.000000 1590.940000 1590.940000 1.844000 1.948000
2.000000 1592.146000 1592.146000 1.942000 1.844000
2.000000 1592.874000 1592.874000 1.934000 1.942000
2.000000 1594.084000 1594.084000 1.938000 1.934000
2.000000 1594.816000 1594.816000 1.942000 1.938000
2.000000 1596.010000 1596.010000 1.926000 1.942000
2.000000 1596.762000 1596.762000 1.946000 1.926000
2.000000 1597.640000 1597.640000 1.630000 1.946000
2.000000 1598.710000 1598.710000 1.948000 1.630000
2.000000 1599.448000 1599.448000 1.808000 1.948000
