0.628318531	15.64236321		0	0
0.634601716	15.5891975		1	1
0.640884901	15.53650182		2	2
0.647168087	15.48426711		3	3
0.653451272	15.43248456		4	4
0.659734457	15.38114564		5	5
0.666017643	15.33024202		6	6
0.672300828	15.27976564		7	7
0.678584013	15.22970865		8	8
0.684867198	15.18006339		9	9
0.691150384	15.13082245		10	10
0.697433569	15.08197859		11	11
0.703716754	15.03352478		12	12
0.70999994	14.98545416			
0.716283125	14.93776006			
0.72256631	14.89043598			
0.728849496	14.8434756			
0.735132681	14.79687273			
0.741415866	14.75062137			
0.747699052	14.70471565			
0.753982237	14.65914986			
0.760265422	14.61391842			
0.766548607	14.56901589			
0.772831793	14.52443697			
0.779114978	14.48017647			
0.785398163	14.43622933			
0.791681349	14.39259062			
0.797964534	14.34925553			
0.804247719	14.30621933			
0.810530905	14.26347744			
0.81681409	14.22102536			
0.823097275	14.1788587			
0.829380461	14.13697316			
0.835663646	14.09536455			
0.841946831	14.05402878			
0.848230016	14.01296181			
0.854513202	13.97215975			
0.860796387	13.93161874			
0.867079572	13.89133502			
0.873362758	13.85130494			
0.879645943	13.81152488			
0.885929128	13.77199134			
0.892212314	13.73270085			
0.898495499	13.69365006			
0.904778684	13.65483565			
0.91106187	13.61625439			
0.917345055	13.5779031			
0.92362824	13.53977869			
0.929911425	13.50187811			
0.936194611	13.46419837			
0.942477796	13.42673656			
0.948760981	13.3894898			
0.955044167	13.3524553			
0.961327352	13.31563028			
0.967610537	13.27901206			
0.973893723	13.24259798			
0.980176908	13.20638545			
0.986460093	13.17037191			
0.992743279	13.13455487			
0.999026464	13.09893187			
1.005309649	13.0635005			
1.011592834	13.0282584			
1.01787602	12.99320324			
1.024159205	12.95833276			
1.03044239	12.92364471			
1.036725576	12.8891369			
1.043008761	12.85480717			
1.049291946	12.8206534			
1.055575132	12.78667351			
1.061858317	12.75286546			
1.068141502	12.71922724			
1.074424688	12.68575688			
1.080707873	12.65245244			
1.086991058	12.61931201			
1.093274243	12.58633372			
1.099557429	12.55351572			
1.105840614	12.52085622			
1.112123799	12.48835343			
1.118406985	12.4560056			
1.12469017	12.42381101			
1.130973355	12.39176797			
1.137256541	12.35987482			
1.143539726	12.32812991			
1.149822911	12.29653164			
1.156106097	12.26507842			
1.162389282	12.2337687			
1.168672467	12.20260094			
1.174955652	12.17157364			
1.181238838	12.1406853			
1.187522023	12.10993447			
1.193805208	12.0793197			
1.200088394	12.04883959			
1.206371579	12.01849273			
1.212654764	11.98827776			
1.21893795	11.95819332			
1.225221135	11.92823808			
1.23150432	11.89841073			
1.237787506	11.86870998			
1.244070691	11.83913455			
1.250353876	11.8096832			
1.256637061	11.7803547			
1.262920247	11.75114781			
1.269203432	11.72206136			
1.275486617	11.69309415			
1.281769803	11.66424503			
1.288052988	11.63551284			
1.294336173	11.60689647			
1.300619359	11.57839479			
1.306902544	11.55000671			
1.313185729	11.52173115			
1.319468915	11.49356704			
1.3257521	11.46551333			
1.332035285	11.43756898			
1.33831847	11.40973298			
1.344601656	11.38200431			
1.350884841	11.35438198			
1.357168026	11.32686501			
1.363451212	11.29945243			
1.369734397	11.27214329			
1.376017582	11.24493666			
1.382300768	11.2178316			
1.388583953	11.19082719			
1.394867138	11.16392254			
1.401150324	11.13711676			
1.407433509	11.11040896			
1.413716694	11.08379828			
1.419999879	11.05728386			
1.426283065	11.03086485			
1.43256625	11.00454043			
1.438849435	10.97830977			
1.445132621	10.95217207			
1.451415806	10.9261265			
1.457698991	10.9001723			
1.463982177	10.87430867			
1.470265362	10.84853484			
1.476548547	10.82285005			
1.482831732	10.79725356			
1.489114918	10.77174461			
1.495398103	10.74632248			
1.501681288	10.72098644			
1.507964474	10.69573577			
1.514247659	10.67056977			
1.520530844	10.64548775			
1.52681403	10.62048901			
1.533097215	10.59557287			
1.5393804	10.57073866			
1.545663586	10.54598572			
1.551946771	10.52131339			
1.558229956	10.49672102			
1.564513141	10.47220798			
1.570796327	10.44777362			
1.577079512	10.42341732			
1.583362697	10.39913847			
1.589645883	10.37493646			
1.595929068	10.35081068			
1.602212253	10.32676053			
1.608495439	10.30278543			
1.614778624	10.27888479			
1.621061809	10.25505804			
1.627344995	10.23130461			
1.63362818	10.20762393			
1.639911365	10.18401545			
1.64619455	10.16047862			
1.652477736	10.1370129			
1.658760921	10.11361774			
1.665044106	10.09029262			
1.671327292	10.06703701			
1.677610477	10.04385038			
1.683893662	10.02073224			
1.690176848	9.997682062			
1.696460033	9.97469935			
1.702743218	9.951783606			
1.709026404	9.928934338			
1.715309589	9.90615106			
1.721592774	9.883433292			
1.727875959	9.860780556			
1.734159145	9.838192382			
1.74044233	9.815668306			
1.746725515	9.793207865			
1.753008701	9.770810604			
1.759291886	9.748476073			
1.765575071	9.726203825			
1.771858257	9.703993419			
1.778141442	9.681844417			
1.784424627	9.659756389			
1.790707813	9.637728906			
1.796990998	9.615761544			
1.803274183	9.593853886			
1.809557368	9.572005516			
1.815840554	9.550216025			
1.822123739	9.528485007			
1.828406924	9.506812058			
1.83469011	9.485196783			
1.840973295	9.463638787			
1.84725648	9.44213768			
1.853539666	9.420693077			
1.859822851	9.399304596			
1.866106036	9.377971859			
1.872389222	9.356694491			
1.878672407	9.335472122			
1.884955592	9.314304385			
1.891238777	9.293190917			
1.897521963	9.272131359			
1.903805148	9.251125353			
1.910088333	9.230172548			
1.916371519	9.209272594			
1.922654704	9.188425146			
1.928937889	9.16762986			
1.935221075	9.146886399			
1.94150426	9.126194426			
1.947787445	9.105553609			
1.954070631	9.084963618			
1.960353816	9.064424126			
1.966637001	9.043934812			
1.972920186	9.023495354			
1.979203372	9.003105435			
1.985486557	8.982764743			
1.991769742	8.962472964			
1.998052928	8.942229792			
2.004336113	8.92203492			
2.010619298	8.901888047			
2.016902484	8.881788872			
2.023185669	8.8617371			
2.029468854	8.841732434			
2.03575204	8.821774585			
2.042035225	8.801863264			
2.04831841	8.781998183			
2.054601595	8.76217906			
2.060884781	8.742405614			
2.067167966	8.722677566			
2.073451151	8.702994641			
2.079734337	8.683356564			
2.086017522	8.663763066			
2.092300707	8.644213877			
2.098583893	8.624708731			
2.104867078	8.605247365			
2.111150263	8.585829517			
2.117433449	8.566454928			
2.123716634	8.547123341			
2.129999819	8.527834502			
2.136283004	8.508588158			
2.14256619	8.48938406			
2.148849375	8.470221958			
2.15513256	8.451101608			
2.161415746	8.432022766			
2.167698931	8.412985189			
2.173982116	8.39398864			
2.180265302	8.375032879			
2.186548487	8.356117673			
2.192831672	8.337242787			
2.199114858	8.31840799			
2.205398043	8.299613052			
2.211681228	8.280857747			
2.217964413	8.262141848			
2.224247599	8.243465132			
2.230530784	8.224827378			
2.236813969	8.206228364			
2.243097155	8.187667874			
2.24938034	8.169145691			
2.255663525	8.1506616			
2.261946711	8.132215388			
2.268229896	8.113806846			
2.274513081	8.095435763			
2.280796267	8.077101932			
2.287079452	8.058805147			
2.293362637	8.040545204			
2.299645822	8.022321901			
2.305929008	8.004135037			
2.312212193	7.985984413			
2.318495378	7.967869831			
2.324778564	7.949791095			
2.331061749	7.931748011			
2.337344934	7.913740386			
2.34362812	7.895768028			
2.349911305	7.877830748			
2.35619449	7.859928358			
2.362477675	7.842060671			
2.368760861	7.824227502			
2.375044046	7.806428666			
2.381327231	7.788663982			
2.387610417	7.770933268			
2.393893602	7.753236345			
2.400176787	7.735573035			
2.406459973	7.717943161			
2.412743158	7.700346548			
2.419026343	7.682783021			
2.425309529	7.665252408			
2.431592714	7.647754538			
2.437875899	7.630289241			
2.444159084	7.612856347			
2.45044227	7.59545569			
2.456725455	7.578087104			
2.46300864	7.560750423			
2.469291826	7.543445483			
2.475575011	7.526172124			
2.481858196	7.508930182			
2.488141382	7.491719499			
2.494424567	7.474539916			
2.500707752	7.457391274			
2.506990938	7.440273419			
2.513274123	7.423186193			
2.519557308	7.406129445			
2.525840493	7.389103019			
2.532123679	7.372106766			
2.538406864	7.355140533			
2.544690049	7.338204172			
2.550973235	7.321297534			
2.55725642	7.304420472			
2.563539605	7.287572839			
2.569822791	7.270754491			
2.576105976	7.253965282			
2.582389161	7.237205071			
2.588672347	7.220473714			
2.594955532	7.203771071			
2.601238717	7.187097002			
2.607521902	7.170451368			
2.613805088	7.15383403			
2.620088273	7.137244852			
2.626371458	7.120683698			
2.632654644	7.104150432			
2.638937829	7.08764492			
2.645221014	7.07116703			
2.6515042	7.054716629			
2.657787385	7.038293585			
2.66407057	7.021897769			
2.670353756	7.005529051			
2.676636941	6.989187302			
2.682920126	6.972872394			
2.689203311	6.956584202			
2.695486497	6.940322598			
2.701769682	6.924087458			
2.708052867	6.907878658			
2.714336053	6.891696075			
2.720619238	6.875539586			
2.726902423	6.859409069			
2.733185609	6.843304404			
2.739468794	6.827225471			
2.745751979	6.81117215			
2.752035165	6.795144324			
2.75831835	6.779141875			
2.764601535	6.763164686			
2.77088472	6.747212641			
2.777167906	6.731285625			
2.783451091	6.715383524			
2.789734276	6.699506225			
2.796017462	6.683653614			
2.802300647	6.667825579			
2.808583832	6.652022009			
2.814867018	6.636242794			
2.821150203	6.620487823			
2.827433388	6.604756988			
2.833716574	6.58905018			
2.839999759	6.573367291			
2.846282944	6.557708215			
2.852566129	6.542072845			
2.858849315	6.526461076			
2.8651325	6.510872803			
2.871415685	6.495307921			
2.877698871	6.479766328			
2.883982056	6.46424792			
2.890265241	6.448841984			
2.896548427	6.433365072			
2.902831612	6.417911217			
2.909114797	6.402480312			
2.915397983	6.387072255			
2.921681168	6.371686943			
2.927964353	6.356324274			
2.934247538	6.340984146			
2.940530724	6.325666458			
2.946813909	6.310371109			
2.953097094	6.295098			
2.95938028	6.279847032			
2.965663465	6.264618106			
2.97194665	6.249411125			
2.978229836	6.23422599			
2.984513021	6.219062606			
2.990796206	6.203920877			
2.997079392	6.188800706			
3.003362577	6.173702			
3.009645762	6.158624664			
3.015928947	6.143568604			
3.022212133	6.128533727			
3.028495318	6.113519942			
3.034778503	6.098527156			
3.041061689	6.083555277			
3.047344874	6.068604217			
3.053628059	6.053673883			
3.059911245	6.038764188			
3.06619443	6.023875041			
3.072477615	6.009006356			
3.078760801	5.994158043			
3.085043986	5.979330017			
3.091327171	5.96452219			
3.097610356	5.949734476			
3.103893542	5.934966791			
3.110176727	5.920219049			
3.116459912	5.905491166			
3.122743098	5.890783058			
3.129026283	5.876094642			
3.135309468	5.861425836			
3.141592654	5.846776557			
3.147875839	5.832146725			
3.154159024	5.817536257			
3.16044221	5.802945074			
3.166725395	5.788373096			
3.17300858	5.773820243			
3.179291765	5.759286437			
3.185574951	5.744771599			
3.191858136	5.730275652			
3.198141321	5.715798519			
3.204424507	5.701340122			
3.210707692	5.686900385			
3.216990877	5.672479234			
3.223274063	5.658076593			
3.229557248	5.643692386			
3.235840433	5.62932654			
3.242123619	5.614978982			
3.248406804	5.600649638			
3.254689989	5.586338435			
3.260973174	5.572045301			
3.26725636	5.557770165			
3.273539545	5.543512954			
3.27982273	5.529273599			
3.286105916	5.51505203			
3.292389101	5.500848175			
3.298672286	5.486661966			
3.304955472	5.472493334			
3.311238657	5.45834221			
3.317521842	5.444208526			
3.323805027	5.430092214			
3.330088213	5.415993207			
3.336371398	5.401911439			
3.342654583	5.387846843			
3.348937769	5.373799352			
3.355220954	5.359768902			
3.361504139	5.345755427			
3.367787325	5.331758862			
3.37407051	5.317779143			
3.380353695	5.303816205			
3.386636881	5.289869986			
3.392920066	5.276056422			
3.399203251	5.26212323			
3.405486436	5.248209228			
3.411769622	5.234314134			
3.418052807	5.220437674			
3.424335992	5.206579575			
3.430619178	5.192739574			
3.436902363	5.178917411			
3.443185548	5.165112837			
3.449468734	5.151325609			
3.455751919	5.137555493			
3.462035104	5.123802264			
3.46831829	5.110065711			
3.474601475	5.096345631			
3.48088466	5.082641834			
3.487167845	5.068954145			
3.493451031	5.055282404			
3.499734216	5.041626465			
3.506017401	5.027986199			
3.512300587	5.014423709			
3.518583772	5.000752443			
3.524866957	4.987208263			
3.531150143	4.973579994			
3.537433328	4.960016875			
3.543716513	4.9464691			
3.549999699	4.932936703			
3.556282884	4.919419745			
3.562566069	4.905918323			
3.568849254	4.892432565			
3.57513244	4.878962634			
3.581415625	4.865508737			
3.58769881	4.852071115			
3.593981996	4.838650059			
3.600265181	4.825245903			
3.606548366	4.81185903			
3.612831552	4.798489877			
3.619114737	4.785138935			
3.625397922	4.771806755			
3.631681108	4.75849395			
3.637964293	4.745201197			
3.644247478	4.731729928			
3.650530663	4.71843282			
3.656813849	4.705150004			
3.663097034	4.691881431			
3.669380219	4.678627055			
3.675663405	4.665386828			
3.68194659	4.652160705			
3.688229775	4.638948644			
3.694512961	4.625750603			
3.700796146	4.612566543			
3.707079331	4.599396429			
3.713362517	4.586240228			
3.719645702	4.573097916			
3.725928887	4.55996947			
3.732212072	4.546854878			
3.738495258	4.533754137			
3.744778443	4.520667254			
3.751061628	4.507594252			
3.757344814	4.494535171			
3.763627999	4.481490073			
3.769911184	4.468459046			
3.77619437	4.455442212			
3.782477555	4.442439733			
3.78876074	4.42945182			
3.795043926	4.416478745			
3.801327111	4.403520854			
3.807610296	4.390578583			
3.813893481	4.377652479			
3.820176667	4.364743222			
3.826459852	4.351851658			
3.832743037	4.338978831			
3.839026223	4.32612603			
3.845309408	4.313294837			
3.851592593	4.300205074			
3.857875779	4.287354321			
3.864158964	4.274516359			
3.870442149	4.261691164			
3.876725335	4.248878727			
3.88300852	4.236079055			
3.889291705	4.223292191			
3.89557489	4.210518227			
3.901858076	4.19775734			
3.908141261	4.185009843			
3.914424446	4.172276277			
3.920707632	4.159557555			
3.926990817	4.146855216			
3.933274002	4.134171845			
3.939557188	4.121511801			
3.945840373	4.108882471			
3.952123558	4.096296469			
3.958406744	4.083775506			
3.964689929	4.0708097			
3.970973114	4.058185608			
3.977256299	4.045582847			
3.983539485	4.033030303			
3.98982267	4.020662685			
3.996105855	4.009181817			
4.002389041	3.994948066			
4.008672226	3.982079206			
4.014955411	3.969966636			
4.021238597	3.957545021			
4.027521782	3.945055456			
4.033804967	3.932555858			
4.040088153	3.920061507			
4.046371338	3.907178387			
4.052654523	3.894844183			
4.058937708	3.88247103			
4.065220894	3.870077592			
4.071504079	3.857675415			
4.077787264	3.84527171			
4.08407045	3.832871016			
4.090353635	3.820476215			
4.09663682	3.808089146			
4.102920006	3.795710988			
4.109203191	3.783342497			
4.115486376	3.77098416			
4.121769562	3.758636286			
4.128052747	3.746299069			
4.134335932	3.733972628			
4.140619117	3.72165703			
4.146902303	3.709352311			
4.153185488	3.697058483			
4.159468673	3.684775546			
4.165751859	3.672503486			
4.172035044	3.660242285			
4.178318229	3.64799192			
4.184601415	3.635752364			
4.1908846	3.623523589			
4.197167785	3.611305565			
4.203450971	3.598898006			
4.209734156	3.586730104			
4.216017341	3.574568707			
4.222300526	3.56241439			
4.228583712	3.550267639			
4.234866897	3.538128863			
4.241150082	3.525998407			
4.247433268	3.513876557			
4.253716453	3.501763556			
4.259999638	3.489659605			
4.266282824	3.477564871			
4.272566009	3.465479494			
4.278849194	3.453403586			
4.285132379	3.441337242			
4.291415565	3.429280536			
4.29769875	3.417233528			
4.303981935	3.405196265			
4.310265121	3.393168784			
4.316548306	3.381151111			
4.322831491	3.369143264			
4.329114677	3.357145255			
4.335397862	3.34515709			
4.341681047	3.333178769			
4.347964233	3.321210289			
4.354247418	3.309251644			
4.360530603	3.297302821			
4.366813788	3.28536381			
4.373096974	3.273434595			
4.379380159	3.261515158			
4.385663344	3.249605481			
4.39194653	3.237705545			
4.398229715	3.225815327			
4.4045129	3.213934806			
4.410796086	3.20206396			
4.417079271	3.190202763			
4.423362456	3.178351193			
4.429645642	3.166509224			
4.435928827	3.154676831			
4.442212012	3.142853989			
4.448495197	3.131040673			
4.454778383	3.119236855			
4.461061568	3.107442511			
4.467344753	3.095657614			
4.473627939	3.083882138			
4.479911124	3.072116057			
4.486194309	3.060359343			
4.492477495	3.048611971			
4.49876068	3.036873915			
4.505043865	3.025145148			
4.511327051	3.013425643			
4.517610236	3.001715375			
4.523893421	2.990014317			
4.530176606	2.978322443			
4.536459792	2.966639727			
4.542742977	2.954966142			
4.549026162	2.943301664			
4.555309348	2.931646265			
4.561592533	2.919999921			
4.567875718	2.908362605			
4.574158904	2.896734292			
4.580442089	2.885114956			
4.586725274	2.873504572			
4.59300846	2.861903115			
4.599291645	2.850310559			
4.60557483	2.838726878			
4.611858015	2.827152049			
4.618141201	2.815586046			
4.624424386	2.8039077			
4.630707571	2.792369062			
4.636990757	2.780838438			
4.643273942	2.769315855			
4.649557127	2.757801338			
4.655840313	2.746294907			
4.662123498	2.734796581			
4.668406683	2.723306374			
4.674689869	2.711824299			
4.680973054	2.700350368			
4.687256239	2.688884586			
4.693539424	2.677426962			
4.69982261	2.665977498			
4.706105795	2.654536197			
4.71238898	2.64310306			
4.718672166	2.631678086			
4.724955351	2.620261271			
4.731238536	2.608852613			
4.737521722	2.597452106			
4.743804907	2.586059744			
4.750088092	2.574675519			
4.756371278	2.563299424			
4.762654463	2.551931448			
4.768937648	2.540571582			
4.775220833	2.529219814			
4.781504019	2.517876134			
4.787787204	2.506540527			
4.794070389	2.495212981			
4.800353575	2.483893483			
4.80663676	2.472582018			
4.812919945	2.461278571			
4.819203131	2.449983127			
4.825486316	2.43869567			
4.831769501	2.427416185			
4.838052687	2.416144655			
4.844335872	2.404881063			
4.850619057	2.393625391			
4.856902242	2.382377624			
4.863185428	2.371137743			
4.869468613	2.35990573			
4.875751798	2.348681567			
4.882034984	2.337465237			
4.888318169	2.32625672			
4.894601354	2.315055999			
4.90088454	2.303863055			
4.907167725	2.292677869			
4.91345091	2.281500422			
4.919734096	2.270330695			
4.926017281	2.25916867			
4.932300466	2.248014327			
4.938583651	2.236867647			
4.944866837	2.225728611			
4.951150022	2.2145972			
4.957433207	2.203473395			
4.963716393	2.192357177			
4.969999578	2.181248526			
4.976282763	2.170147423			
4.982565949	2.159053849			
4.988849134	2.147967785			
4.995132319	2.136889212			
5.001415505	2.125818109			
5.00769869	2.11475446			
5.013981875	2.103698243			
5.02026506	2.092649441			
5.026548246	2.081608033			
5.032831431	2.070574002			
5.039114616	2.059547328			
5.045397802	2.048527992			
5.051680987	2.037515976			
5.057964172	2.02651126			
5.064247358	2.015513826			
5.070530543	2.004523655			
5.076813728	1.993540728			
5.083096914	1.982565027			
5.089380099	1.971596534			
5.095663284	1.960635229			
5.101946469	1.949681095			
5.108229655	1.938734113			
5.11451284	1.927794264			
5.120796025	1.916861531			
5.127079211	1.905935895			
5.133362396	1.895017338			
5.139645581	1.884105842			
5.145928767	1.87320139			
5.152211952	1.862303962			
5.158495137	1.851330065			
5.164778323	1.840456686			
5.171061508	1.829589327			
5.177344693	1.818728033			
5.183627878	1.80787285			
5.189911064	1.797023819			
5.196194249	1.786180981			
5.202477434	1.775344372			
5.20876062	1.764514026			
5.215043805	1.753689977			
5.22132699	1.742872254			
5.227610176	1.732060885			
5.233893361	1.721255894			
5.240176546	1.710457305			
5.246459731	1.69966514			
5.252742917	1.688879416			
5.259026102	1.67810015			
5.265309287	1.667327357			
5.271592473	1.656561049			
5.277875658	1.645801238			
5.284158843	1.635047931			
5.290442029	1.624301134			
5.296725214	1.613560854			
5.303008399	1.602827092			
5.309291585	1.59209985			
5.31557477	1.581379127			
5.321857955	1.57066492			
5.32814114	1.559957225			
5.334424326	1.549256036			
5.340707511	1.538561345			
5.346990696	1.527873143			
5.353273882	1.517140706			
5.359557067	1.506508871			
5.365840252	1.495844391			
5.372123438	1.485147269			
5.378406623	1.474529027			
5.384689808	1.463879473			
5.390972994	1.453236299			
5.397256179	1.442599483			
5.403539364	1.431969003			
5.409822549	1.421344833			
5.416105735	1.410726949			
5.42238892	1.400115323			
5.428672105	1.389509927			
5.434955291	1.378910731			
5.441238476	1.368317705			
5.447521661	1.357730816			
5.453804847	1.347150032			
5.460088032	1.336575318			
5.466371217	1.326006638			
5.472654403	1.315443955			
5.478937588	1.304887231			
5.485220773	1.294336428			
5.491503958	1.283791506			
5.497787144	1.273252423			
5.504070329	1.262719136			
5.510353514	1.252191603			
5.5166367	1.24166978			
5.522919885	1.231153621			
5.52920307	1.22064308			
5.535486256	1.21013811			
5.541769441	1.199638662			
5.548052626	1.189144688			
5.554335812	1.178656137			
5.560618997	1.168172959			
5.566902182	1.157695102			
5.573185367	1.147222514			
5.579468553	1.136836799			
5.585751738	1.12638421			
5.592034923	1.115937537			
5.598318109	1.105496764			
5.604601294	1.095061879			
5.610884479	1.084632867			
5.617167665	1.074209714			
5.62345085	1.063792407			
5.629734035	1.053380933			
5.636017221	1.042975276			
5.642300406	1.032575424			
5.648583591	1.022181363			
5.654866776	1.011793079			
5.661149962	1.001410559			
5.667433147	0.99103379			
5.673716332	0.980662757			
5.679999518	0.970297448			
5.686282703	0.959937849			
5.692565888	0.949583947			
5.698849074	0.939235728			
5.705132259	0.92889318			
5.711415444	0.918556288			
5.71769863	0.908225041			
5.723981815	0.897899424			
5.730265	0.887579425			
5.736548185	0.877265031			
5.742831371	0.866956229			
5.749114556	0.856653005			
5.755397741	0.846355346			
5.761680927	0.836063241			
5.767964112	0.825776675			
5.774247297	0.815495637			
5.780530483	0.805220113			
5.786813668	0.79495009			
5.793096853	0.784685557			
5.799380039	0.774426499			
5.805663224	0.764172905			
5.811946409	0.753924762			
5.818229594	0.743682057			
5.82451278	0.733444778			
5.830795965	0.723212911			
5.83707915	0.712986446			
5.843362336	0.702765368			
5.849645521	0.692549666			
5.855928706	0.682339328			
5.862211892	0.67213434			
5.868495077	0.66193469			
5.874778262	0.651740367			
5.881061448	0.641551357			
5.887344633	0.631367649			
5.893627818	0.62118923			
5.899911003	0.611016087			
5.906194189	0.60084821			
5.912477374	0.590685584			
5.918760559	0.580528199			
5.925043745	0.570376042			
5.93132693	0.560229101			
5.937610115	0.550087363			
5.943893301	0.539950817			
5.950176486	0.52981945			
5.956459671	0.519693251			
5.962742857	0.509572207			
5.969026042	0.499456306			
5.975309227	0.489345536			
5.981592412	0.479239885			
5.987875598	0.469139341			
5.994158783	0.459043892			
6.000441968	0.448953526			
6.006725154	0.438868231			
6.013008339	0.428787995			
6.019291524	0.418712805			
6.02557471	0.40864265			
6.031857895	0.398577518			
6.03814108	0.388517397			
6.044424266	0.378462275			
6.050707451	0.368412139			
6.056990636	0.358366978			
6.063273821	0.34832678			
6.069557007	0.338291533			
6.075840192	0.328261224			
6.082123377	0.318235843			
6.088406563	0.308215375			
6.094689748	0.298199811			
6.100972933	0.288189137			
6.107256119	0.278183341			
6.113539304	0.268182412			
6.119822489	0.258186337			
6.126105675	0.248195105			
6.13238886	0.238208702			
6.138672045	0.228227118			
6.14495523	0.218250339			
6.151238416	0.208278354			
6.157521601	0.198311151			
6.163804786	0.188348716			
6.170087972	0.178391039			
6.176371157	0.168438106			
6.182654342	0.158489906			
6.188937528	0.148546426			
6.195220713	0.138607653			
6.201503898	0.128673576			
6.207787083	0.118744182			
6.214070269	0.108819458			
6.220353454	0.098899392			
6.226636639	0.088983972			
6.232919825	0.079073184			
6.23920301	0.069167017			
6.245486195	0.059265457			
6.251769381	0.049368492			
6.258052566	0.039476109			
6.264335751	0.029588295			
6.270618937	0.019705038			
6.276902122	0.009826325			
6.289468492	0.009867833			
6.295751678	0.019730504			
6.302034863	0.029588583			
6.308318048	0.039442078			
6.314601234	0.049291001			
6.320884419	0.05913536			
6.327167604	0.068975165			
6.33345079	0.078810426			
6.339733975	0.088641152			
6.34601716	0.098467353			
6.352300346	0.108289039			
6.358583531	0.118106218			
6.364866716	0.1279189			
6.371149901	0.137727094			
6.377433087	0.14753081			
6.383716272	0.157330058			
6.389999457	0.167124846			
6.396282643	0.176915184			
6.402565828	0.186701081			
6.408849013	0.196482546			
6.415132199	0.206259589			
6.421415384	0.216032219			
6.427698569	0.225800444			
6.433981755	0.235564275			
6.44026494	0.245323719			
6.446548125	0.255078787			
6.45283131	0.264829487			
6.459114496	0.274575829			
6.465397681	0.28431782			
6.471680866	0.294055471			
6.477964052	0.30378879			
6.484247237	0.313517786			
6.490530422	0.323242469			
6.496813608	0.332962846			
6.503096793	0.342678927			
6.509379978	0.35239072			
6.515663164	0.362098235			
6.521946349	0.37180148			
6.528229534	0.381500464			
6.534512719	0.391195195			
6.540795905	0.400885683			
6.54707909	0.410571936			
6.553362275	0.420253962			
6.559645461	0.429931771			
6.565928646	0.439605371			
6.572211831	0.449274769			
6.578495017	0.458939976			
6.584778202	0.468601			
6.591061387	0.478257848			
6.597344573	0.48791053			
6.603627758	0.497559053			
6.609910943	0.507203427			
6.616194128	0.51684366			
6.622477314	0.52647976			
6.628760499	0.536111735			
6.635043684	0.545739594			
6.64132687	0.555363345			
6.647610055	0.564982996			
6.65389324	0.574598556			
6.660176426	0.584210033			
6.666459611	0.593817435			
6.672742796	0.603420771			
6.679025982	0.613020047			
6.685309167	0.622615274			
6.691592352	0.632206458			
6.697875537	0.641793607			
6.704158723	0.651376731			
6.710441908	0.660955836			
6.716725093	0.670530932			
6.723008279	0.680102025			
6.729291464	0.689669124			
6.735574649	0.699232238			
6.741857835	0.708791372			
6.74814102	0.718346537			
6.754424205	0.727897739			
6.760707391	0.737444987			
6.766990576	0.746988288			
6.773273761	0.75652765			
6.779556946	0.766063081			
6.785840132	0.775594589			
6.792123317	0.785122181			
6.798406502	0.794645866			
6.804689688	0.80416565			
6.810972873	0.813681542			
6.817256058	0.823193549			
6.823539244	0.83270168			
6.829822429	0.842205941			
6.836105614	0.85170634			
6.8423888	0.861202884			
6.848671985	0.870695583			
6.85495517	0.880184442			
6.861238355	0.889669469			
6.867521541	0.899150672			
6.873804726	0.908628059			
6.880087911	0.918101636			
6.886371097	0.927571412			
6.892654282	0.937037394			
6.898937467	0.946499588			
6.905220653	0.955958003			
6.911503838	0.965412646			
6.917787023	0.974863524			
6.924070209	0.984310645			
6.930353394	0.993754015			
6.936636579	1.003193642			
6.942919764	1.012629534			
6.94920295	1.022061697			
6.955486135	1.031490139			
6.96176932	1.040914867			
6.968052506	1.050335888			
6.974335691	1.059753209			
6.980618876	1.069166837			
6.986902062	1.078576781			
6.993185247	1.087983046			
6.999468432	1.097385639			
7.005751618	1.106784568			
7.012034803	1.116179841			
7.018317988	1.125571462			
7.024601173	1.134959441			
7.030884359	1.144343784			
7.037167544	1.153724497			
7.043450729	1.163101588			
7.049733915	1.172475064			
7.0560171	1.181844931			
7.062300285	1.191211197			
7.068583471	1.200573868			
7.074866656	1.209932951			
7.081149841	1.219288453			
7.087433026	1.228640381			
7.093716212	1.237988742			
7.099999397	1.247333541			
7.106282582	1.256727225			
7.112565768	1.266063151			
7.118848953	1.275395591			
7.125132138	1.284724549			
7.131415324	1.294050032			
7.137698509	1.303372043			
7.143981694	1.312690589			
7.15026488	1.322005674			
7.156548065	1.331317305			
7.16283125	1.340625486			
7.169114435	1.349930223			
7.175397621	1.359231521			
7.181680806	1.368529386			
7.187963991	1.377823823			
7.194247177	1.387114837			
7.200530362	1.396402433			
7.206813547	1.405686618			
7.213096733	1.414967397			
7.219379918	1.424244774			
7.225663103	1.433518756			
7.231946289	1.442789348			
7.238229474	1.452056555			
7.244512659	1.461320383			
7.250795844	1.470580838			
7.25707903	1.479837924			
7.263362215	1.489091647			
7.2696454	1.498342014			
7.275928586	1.507589028			
7.282211771	1.516832696			
7.288494956	1.526073024			
7.294778142	1.535310016			
7.301061327	1.544543679			
7.307344512	1.553774017			
7.313627698	1.563001037			
7.319910883	1.572224743			
7.326194068	1.581445141			
7.332477253	1.590662238			
7.338760439	1.599876037			
7.345043624	1.609086546			
7.351326809	1.618293769			
7.357609995	1.627497711			
7.36389318	1.636698379			
7.370176365	1.645895778			
7.376459551	1.655089913			
7.382742736	1.66428079			
7.389025921	1.673468415			
7.395309107	1.682652792			
7.401592292	1.691833928			
7.407875477	1.701011827			
7.414158662	1.710186496			
7.420441848	1.71935794			
7.426725033	1.728526164			
7.433008218	1.737691174			
7.439291404	1.746852975			
7.445574589	1.756011573			
7.451857774	1.765166974			
7.45814096	1.774319182			
7.464424145	1.783468203			
7.47070733	1.792614043			
7.476990516	1.801756707			
7.483273701	1.8108962			
7.489556886	1.820032529			
7.495840071	1.829165698			
7.502123257	1.838295713			
7.508406442	1.847422579			
7.514689627	1.856546302			
7.520972813	1.865666887			
7.527255998	1.87478434			
7.533539183	1.883898665			
7.539822369	1.893009869			
7.546105554	1.902117956			
7.552388739	1.911222933			
7.558671925	1.920324804			
7.56495511	1.929423575			
7.571238295	1.938519251			
7.57752148	1.947611837			
7.583804666	1.95670134			
7.590087851	1.965787764			
7.596371036	1.974871114			
7.602654222	1.983951396			
7.608937407	1.993028615			
7.615220592	2.002102776			
7.621503778	2.011173886			
7.627786963	2.020241948			
7.634070148	2.029306969			
7.640353334	2.038368953			
7.646636519	2.047427906			
7.652919704	2.056483833			
7.659202889	2.06553674			
7.665486075	2.074586631			
7.67176926	2.083633511			
7.678052445	2.092677387			
7.684335631	2.101718263			
7.690618816	2.110756144			
7.696902001	2.119791036			
7.703185187	2.128822944			
7.709468372	2.137851872			
7.715751557	2.146877827			
7.722034743	2.155900812			
7.728317928	2.164920834			
7.734601113	2.173937898			
7.740884298	2.182952008			
7.747167484	2.191963169			
7.753450669	2.200971388			
7.759733854	2.209976668			
7.76601704	2.218979015			
7.772300225	2.227978434			
7.77858341	2.236974931			
7.784866596	2.245968509			
7.791149781	2.254959174			
7.797432966	2.263946932			
7.803716152	2.272931787			
7.809999337	2.281913744			
7.816282522	2.290892808			
7.822565707	2.299868984			
7.828848893	2.308842277			
7.835132078	2.317812693			
7.841415263	2.326780235			
7.847698449	2.33574491			
7.853981634	2.344706721			
7.860264819	2.353665674			
7.866548005	2.362621774			
7.87283119	2.371575026			
7.879114375	2.380525434			
7.885397561	2.389473003			
7.891680746	2.398417739			
7.897963931	2.407359645			
7.904247116	2.416298728			
7.910530302	2.425234992			
7.916813487	2.434168441			
7.923096672	2.443099081			
7.929379858	2.452026915			
7.935663043	2.46095195			
7.941946228	2.46987419			
7.948229414	2.478793639			
7.954512599	2.487710303			
7.960795784	2.496624186			
7.96707897	2.505535292			
7.973362155	2.514443627			
7.97964534	2.523349196			
7.985928525	2.532252002			
7.992211711	2.541152051			
7.998494896	2.550049348			
8.004778081	2.558943896			
8.011061267	2.567835701			
8.017344452	2.576724768			
8.023627637	2.5856111			
8.029910823	2.594494704			
8.036194008	2.603375582			
8.042477193	2.61225374			
8.048760378	2.621129183			
8.055043564	2.630001915			
8.061326749	2.638871941			
8.067609934	2.647739265			
8.07389312	2.656603891			
8.080176305	2.665465825			
8.08645949	2.674325071			
8.092742676	2.683181633			
8.099025861	2.692035516			
8.105309046	2.700886724			
8.111592232	2.709735263			
8.117875417	2.718581136			
8.124158602	2.727424347			
8.130441787	2.736264902			
8.136724973	2.745102805			
8.143008158	2.75393806			
8.149291343	2.762770672			
8.155574529	2.771600644			
8.161857714	2.780427983			
8.168140899	2.789252691			
8.174424085	2.798074773			
8.18070727	2.806894235			
8.186990455	2.815711079			
8.193273641	2.824525311			
8.199556826	2.833336934			
8.205840011	2.842145954			
8.212123196	2.850952374			
8.218406382	2.859756199			
8.224689567	2.868557433			
8.230972752	2.87735608			
8.237255938	2.886152145			
8.243539123	2.894945632			
8.249822308	2.903736545			
8.256105494	2.912524889			
8.262388679	2.921310667			
8.268671864	2.930093885			
8.27495505	2.938874545			
8.281238235	2.947652653			
8.28752142	2.956428213			
8.293804605	2.965201229			
8.300087791	2.973971705			
8.306370976	2.982739645			
8.312654161	2.991505053			
8.318937347	3.000267934			
8.325220532	3.009028292			
8.331503717	3.01778613			
8.337786903	3.026584028			
8.344070088	3.035333773			
8.350353273	3.044081182			
8.356636459	3.052826251			
8.362919644	3.061568978			
8.369202829	3.070309362			
8.375486014	3.0790474			
8.3817692	3.087783091			
8.388052385	3.096516432			
8.39433557	3.105247423			
8.400618756	3.113976061			
8.406901941	3.122702345			
8.413185126	3.131426274			
8.419468312	3.140147847			
8.425751497	3.148867063			
8.432034682	3.15758392			
8.438317868	3.166298418			
8.444601053	3.175010557			
8.450884238	3.183720335			
8.457167423	3.192427753			
8.463450609	3.201132809			
8.469733794	3.209835505			
8.476016979	3.218535839			
8.482300165	3.227233811			
8.48858335	3.235929423			
8.494866535	3.244622674			
8.501149721	3.253313564			
8.507432906	3.262002094			
8.513716091	3.270688265			
8.519999277	3.279372077			
8.526282462	3.288053531			
8.532565647	3.296732629			
8.538848832	3.30540937			
8.545132018	3.314083757			
8.551415203	3.32275579			
8.557698388	3.331425471			
8.563981574	3.340092802			
8.570264759	3.348757783			
8.576547944	3.357420418			
8.58283113	3.366080707			
8.589114315	3.374738653			
8.5953975	3.383394257			
8.601680686	3.392047522			
8.607963871	3.40069845			
8.614247056	3.409347043			
8.620530241	3.417993305			
8.626813427	3.426637237			
8.633096612	3.435278841			
8.639379797	3.443918122			
8.645662983	3.452555082			
8.651946168	3.461189724			
8.658229353	3.469822051			
8.664512539	3.478452065			
8.670795724	3.487095528			
8.677078909	3.495706915			
8.683362095	3.504330042			
8.68964528	3.512964907			
8.695928465	3.521567584			
8.70221165	3.530183802			
8.708494836	3.538797733			
8.714778021	3.547409382			
8.721061206	3.556018754			
8.727344392	3.564625851			
8.733627577	3.573230679			
8.739910762	3.581833242			
8.746193948	3.590433545			
8.752477133	3.599031591			
8.758760318	3.607627387			
8.765043504	3.616220937			
8.771326689	3.624812245			
8.777609874	3.633401317			
8.783893059	3.641988158			
8.790176245	3.650572774			
8.79645943	3.659155169			
8.802742615	3.667735349			
8.809025801	3.67631332			
8.815308986	3.684889087			
8.821592171	3.693462656			
8.827875357	3.702034032			
8.834158542	3.710603223			
8.840441727	3.719170234			
8.846724913	3.72773507			
8.853008098	3.736297738			
8.859291283	3.744858246			
8.865574468	3.753416597			
8.871857654	3.761972801			
8.878140839	3.770526862			
8.884424024	3.779078788			
8.89070721	3.787628586			
8.896990395	3.796176262			
8.90327358	3.804721823			
8.909556766	3.813265277			
8.915839951	3.82180663			
8.922123136	3.830345891			
8.928406322	3.838883065			
8.934689507	3.847418161			
8.940972692	3.855951187			
8.947255877	3.864482149			
8.953539063	3.873011056			
8.959822248	3.881537915			
8.966105433	3.890062734			
8.972388619	3.898585522			
8.978671804	3.907106286			
8.984954989	3.915625034			
8.991238175	3.924141776			
8.99752136	3.932656518			
9.003804545	3.94116927			
9.01008773	3.94968004			
9.016370916	3.958188837			
9.022654101	3.966695669			
9.028937286	3.975157897			
9.035220472	3.983657695			
9.041503657	3.992155388			
9.047786842	4.000650977			
9.054070028	4.009144467			
9.060353213	4.01763586			
9.066636398	4.026125159			
9.072919584	4.034612368			
9.079202769	4.04309749			
9.085485954	4.051580528			
9.091769139	4.060061486			
9.098052325	4.068540366			
9.10433551	4.077017171			
9.110618695	4.085491905			
9.116901881	4.093964571			
9.123185066	4.102435172			
9.129468251	4.110903711			
9.135751437	4.119370192			
9.142034622	4.127834616			
9.148317807	4.136296988			
9.154600993	4.144757311			
9.160884178	4.153215587			
9.167167363	4.16167182			
9.173450548	4.170126013			
9.179733734	4.178578169			
9.186016919	4.18702829			
9.192300104	4.195476381			
9.19858329	4.203922444			
9.204866475	4.212366482			
9.21114966	4.220808497			
9.217432846	4.229248495			
9.223716031	4.237686476			
9.229999216	4.246122445			
9.236282402	4.254556404			
9.242565587	4.262988356			
9.248848772	4.271418304			
9.255131957	4.279846252			
9.261415143	4.288272202			
9.267698328	4.296696157			
9.273981513	4.305118121			
9.280264699	4.313538096			
9.286547884	4.321956084			
9.292831069	4.330372091			
9.299114255	4.338786117			
9.30539744	4.347198166			
9.311680625	4.355608241			
9.317963811	4.364016345			
9.324246996	4.372422481			
9.330530181	4.380826652			
9.336813366	4.38922886			
9.343096552	4.397629109			
9.349379737	4.406027402			
9.355662922	4.414423741			
9.361946108	4.42281813			
9.368229293	4.43121057			
9.374512478	4.439601066			
9.380795664	4.44798962			
9.387078849	4.456376235			
9.393362034	4.464760913			
9.39964522	4.473143658			
9.405928405	4.481524473			
9.41221159	4.489903359			
9.418494775	4.498280321			
9.424777961	4.506655361			
9.431061146	4.515028482			
9.437344331	4.523399687			
9.443627517	4.531768978			
9.449910702	4.540136358			
9.456193887	4.548501831			
9.462477073	4.556865398			
9.468760258	4.565227064			
9.475043443	4.57358683			
9.481326629	4.581944699			
9.487609814	4.590300674			
9.493892999	4.598654759			
9.500176184	4.607006955			
9.50645937	4.615357265			
9.512742555	4.623705693			
9.51902574	4.632052241			
9.525308926	4.640396912			
9.531592111	4.648739708			
9.537875296	4.657080633			
9.544158482	4.665419688			
9.550441667	4.673756878			
9.556724852	4.682092204			
9.563008038	4.690425669			
9.569291223	4.698757276			
9.575574408	4.707087028			
9.581857593	4.715414928			
9.588140779	4.723740977			
9.594423964	4.73206518			
9.600707149	4.740387538			
9.606990335	4.748708054			
9.61327352	4.757026731			
9.619556705	4.765343572			
9.625839891	4.77365858			
9.632123076	4.781971756			
9.638406261	4.790283104			
9.644689447	4.798592627			
9.650972632	4.806900326			
9.657255817	4.815206205			
9.663539002	4.823510267			
9.669822188	4.831812514			
9.676105373	4.840112949			
9.682388558	4.848411574			
9.688671744	4.856708392			
9.694954929	4.865003405			
9.701238114	4.873296617			
9.7075213	4.88158803			
9.713804485	4.889877647			
9.72008767	4.89816547			
9.726370856	4.906451501			
9.732654041	4.914735745			
9.738937226	4.923018202			
9.745220411	4.931298876			
9.751503597	4.939577769			
9.757786782	4.947854885			
9.764069967	4.956130225			
9.770353153	4.964403792			
9.776636338	4.972675589			
9.782919523	4.980945618			
9.789202709	4.989213883			
9.795485894	4.997480385			
9.801769079	5.005745127			
9.808052265	5.014008112			
9.81433545	5.022269342			
9.820618635	5.03052882			
9.82690182	5.038786549			
9.833185006	5.047042531			
9.839468191	5.055296768			
9.845751376	5.063549264			
9.852034562	5.071800021			
9.858317747	5.080049041			
9.864600932	5.088296327			
9.870884118	5.096541882			
9.877167303	5.104785708			
9.883450488	5.113027807			
9.889733674	5.121268183			
9.896016859	5.129506838			
9.902300044	5.137743774			
9.908583229	5.145978994			
9.914866415	5.1542125			
9.9211496	5.162444296			
9.927432785	5.170674383			
9.933715971	5.178902764			
9.939999156	5.187129442			
9.946282341	5.195354419			
9.952565527	5.203577699			
9.958848712	5.211799282			
9.965131897	5.220019173			
9.971415082	5.228237373			
9.977698268	5.236453885			
9.983981453	5.244668711			
9.990264638	5.252881855			
9.996547824	5.261093318			
10.00283101	5.269303104			
10.00911419	5.277511214			
10.01539738	5.285717652			
10.02168056	5.29392242			
10.02796375	5.30212552			
10.03424694	5.310326955			
10.04053012	5.318526728			
10.04681331	5.32672484			
10.05309649	5.334921296			
10.05937968	5.343116096			
10.06566286	5.351309245			
10.07194605	5.359500743			
10.07822923	5.367690594			
10.08451242	5.375878801			
10.0907956	5.384065366			
10.09707879	5.392250291			
10.10336197	5.40043358			
10.10964516	5.408615234			
10.11592834	5.416795256			
10.12221153	5.424973649			
10.12849472	5.433150416			
10.1347779	5.441325558			
10.14106109	5.449499079			
10.14734427	5.457670981			
10.15362746	5.465841267			
10.15991064	5.474009939			
10.16619383	5.482177			
10.17247701	5.490342452			
10.1787602	5.498506298			
10.18504338	5.506668541			
10.19132657	5.514829183			
10.19760975	5.522988227			
10.20389294	5.531145675			
10.21017612	5.53930153			
10.21645931	5.547455795			
10.22274249	5.555608472			
10.22902568	5.563759565			
10.23530887	5.571909074			
10.24159205	5.580057004			
10.24787524	5.588203356			
10.25415842	5.596348134			
10.26044161	5.60449134			
10.26672479	5.612632977			
10.27300798	5.620773047			
10.27929116	5.628911553			
10.28557435	5.637048498			
10.29185753	5.645183885			
10.29814072	5.653317715			
10.3044239	5.661449992			
10.31070709	5.669580719			
10.31699027	5.677709897			
10.32327346	5.685837531			
10.32955665	5.693963622			
10.33583983	5.702088174			
10.34212302	5.710174841			
10.3484062	5.718295229			
10.35468939	5.726414056			
10.36097257	5.734531325			
10.36725576	5.742647038			
10.37353894	5.750761198			
10.37982213	5.758873806			
10.38610531	5.766984864			
10.3923885	5.775094374			
10.39867168	5.783202339			
10.40495487	5.791308761			
10.41123805	5.799413641			
10.41752124	5.807516982			
10.42380442	5.815618786			
10.43008761	5.823719055			
10.4363708	5.831817791			
10.44265398	5.839914996			
10.44893717	5.848010671			
10.45522035	5.85610482			
10.46150354	5.864197444			
10.46778672	5.872288546			
10.47406991	5.880378126			
10.48035309	5.888466188			
10.48663628	5.896552733			
10.49291946	5.904637763			
10.49920265	5.912721281			
10.50548583	5.920803288			
10.51176902	5.928883786			
10.5180522	5.936962778			
10.52433539	5.945040266			
10.53061857	5.95311625			
10.53690176	5.961190734			
10.54318495	5.96926372			
10.54946813	5.977335209			
10.55575132	5.985405203			
10.5620345	5.993473704			
10.56831769	6.001540715			
10.57460087	6.009606238			
10.58088406	6.017670273			
10.58716724	6.025732824			
10.59345043	6.033793892			
10.59973361	6.041853479			
10.6060168	6.049911588			
10.61229998	6.057968219			
10.61858317	6.066023376			
10.62486635	6.07407706			
10.63114954	6.082129272			
10.63743273	6.090180016			
10.64371591	6.098229292			
10.6499991	6.106277103			
10.65628228	6.114323451			
10.66256547	6.122368338			
10.66884865	6.130411765			
10.67513184	6.138453734			
10.68141502	6.146494248			
10.68769821	6.154533309			
10.69398139	6.162570917			
10.70026458	6.170607076			
10.70654776	6.178641786			
10.71283095	6.186675051			
10.71911413	6.194706871			
10.72539732	6.20273725			
10.7316805	6.210766187			
10.73796369	6.218793687			
10.74424688	6.226819749			
10.75053006	6.234844377			
10.75681325	6.242867572			
10.76309643	6.250889336			
10.76937962	6.258909671			
10.7756628	6.266928579			
10.78194599	6.274946061			
10.78822917	6.28296212			
10.79451236	6.290976757			
10.80079554	6.298989974			
10.80707873	6.307001773			
10.81336191	6.315012156			
10.8196451	6.323021125			
10.82592828	6.331028681			
10.83221147	6.339034827			
10.83849465	6.347039563			
10.84477784	6.355042893			
10.85106103	6.363044818			
10.85734421	6.371045339			
10.8636274	6.379044459			
10.86991058	6.38704218			
10.87619377	6.395038502			
10.88247695	6.403033428			
10.88876014	6.41102696			
10.89504332	6.4190191			
10.90132651	6.427009849			
10.90760969	6.434999209			
10.91389288	6.442987182			
10.92017606	6.45097377			
10.92645925	6.458958974			
10.93274243	6.466942796			
10.93902562	6.474925239			
10.94530881	6.482906303			
10.95159199	6.490885991			
10.95787518	6.498864305			
10.96415836	6.506841245			
10.97044155	6.514816815			
10.97672473	6.522791015			
10.98300792	6.530763848			
10.9892911	6.538735315			
10.99557429	6.546705417			
11.00185747	6.554674158			
11.00814066	6.562641538			
11.01442384	6.570607559			
11.02070703	6.578572223			
11.02699021	6.586535532			
11.0332734	6.594497487			
11.03955658	6.60245809			
11.04583977	6.610417343			
11.05212296	6.618375248			
11.05840614	6.626331806			
11.06468933	6.634287019			
11.07097251	6.642240888			
11.0772557	6.650193417			
11.08353888	6.658144605			
11.08982207	6.666094455			
11.09610525	6.674042969			
11.10238844	6.681990148			
11.10867162	6.689935994			
11.11495481	6.697880508			
11.12123799	6.705823693			
11.12752118	6.71376555			
11.13380436	6.721706081			
11.14008755	6.729645287			
11.14637073	6.737583171			
11.15265392	6.745519733			
11.15893711	6.753454975			
11.16522029	6.7613889			
11.17150348	6.769321508			
11.17778666	6.777252802			
11.18406985	6.785182783			
11.19035303	6.793111453			
11.19663622	6.801038813			
11.2029194	6.808964865			
11.20920259	6.816889611			
11.21548577	6.824813052			
11.22176896	6.832735191			
11.22805214	6.840656028			
11.23433533	6.848575565			
11.24061851	6.856493805			
11.2469017	6.864410748			
11.25318489	6.872326396			
11.25946807	6.880240751			
11.26575126	6.888153815			
11.27203444	6.896065588			
11.27831763	6.903976074			
11.28460081	6.911885273			
11.290884	6.919793187			
11.29716718	6.927699817			
11.30345037	6.935605166			
11.30973355	6.943509234			
11.31601674	6.951412024			
11.32229992	6.959313537			
11.32858311	6.967213775			
11.33486629	6.975112739			
11.34114948	6.98301043			
11.34743266	6.990906852			
11.35371585	6.998802004			
11.35999904	7.006695889			
11.36628222	7.014588508			
11.37256541	7.022479862			
11.37884859	7.030369955			
11.38513178	7.038258786			
11.39141496	7.046146358			
11.39769815	7.054032671			
11.40398133	7.061917729			
11.41026452	7.069801532			
11.4165477	7.077684081			
11.42283089	7.08556538			
11.42911407	7.093445428			
11.43539726	7.101324227			
11.44168044	7.10920178			
11.44796363	7.117078087			
11.45424681	7.124953151			
11.46053	7.132826972			
11.46681319	7.140699553			
11.47309637	7.148570894			
11.47937956	7.156440998			
11.48566274	7.164309866			
11.49194593	7.1721775			
11.49822911	7.1800439			
11.5045123	7.18790907			
11.51079548	7.195773009			
11.51707867	7.20363572			
11.52336185	7.211497204			
11.52964504	7.219357463			
11.53592822	7.227216499			
11.54221141	7.235074312			
11.54849459	7.242930904			
11.55477778	7.250786278			
11.56106097	7.258640433			
11.56734415	7.266493373			
11.57362734	7.274345098			
11.57991052	7.282195611			
11.58619371	7.290044911			
11.59247689	7.297893002			
11.59876008	7.305739884			
11.60504326	7.31358556			
11.61132645	7.32143003			
11.61760963	7.329273296			
11.62389282	7.337115359			
11.630176	7.344956222			
11.63645919	7.352795885			
11.64274237	7.360634351			
11.64902556	7.36847162			
11.65530874	7.376307694			
11.66159193	7.384142575			
11.66787512	7.391976264			
11.6741583	7.399808763			
11.68044149	7.407640073			
11.68672467	7.415470196			
11.69300786	7.423299133			
11.69929104	7.431126886			
11.70557423	7.438953456			
11.71185741	7.446778844			
11.7181406	7.454603053			
11.72442378	7.462426083			
11.73070697	7.470247937			
11.73699015	7.478068616			
11.74327334	7.48588812			
11.74955652	7.493706453			
11.75583971	7.501523614			
11.7621229	7.509339607			
11.76840608	7.517154431			
11.77468927	7.52496809			
11.78097245	7.532780583			
11.78725564	7.540591914			
11.79353882	7.548402082			
11.79982201	7.556211091			
11.80610519	7.564018941			
11.81238838	7.571825633			
11.81867156	7.57963117			
11.82495475	7.587435553			
11.83123793	7.595238783			
11.83752112	7.603040862			
11.8438043	7.610841791			
11.85008749	7.618641572			
11.85637067	7.626440207			
11.86265386	7.634237696			
11.86893705	7.642034043			
11.87522023	7.649829247			
11.88150342	7.65762331			
11.8877866	7.665416235			
11.89406979	7.673208022			
11.90035297	7.680998674			
11.90663616	7.688788191			
11.91291934	7.696576575			
11.91920253	7.704363828			
11.92548571	7.712149952			
11.9317689	7.719934947			
11.93805208	7.727718816			
11.94433527	7.73550156			
11.95061845	7.743283181			
11.95690164	7.75106368			
11.96318482	7.758843058			
11.96946801	7.766621318			
11.9757512	7.774398461			
11.98203438	7.782174489			
11.98831757	7.789949402			
11.99460075	7.797723204			
12.00088394	7.805495895			
12.00716712	7.813267477			
12.01345031	7.821037952			
12.01973349	7.828807321			
12.02601668	7.836575586			
12.03229986	7.844342749			
12.03858305	7.852108811			
12.04486623	7.859873774			
12.05114942	7.86763764			
12.0574326	7.87540041			
12.06371579	7.883162086			
12.06999898	7.89092267			
12.07628216	7.898682164			
12.08256535	7.906440569			
12.08884853	7.914197887			
12.09513172	7.92195412			
12.1014149	7.929709269			
12.10769809	7.937463337			
12.11398127	7.945216326			
12.12026446	7.952968236			
12.12654764	7.96071907			
12.13283083	7.96846883			
12.13911401	7.976217517			
12.1453972	7.983965134			
12.15168038	7.991711683			
12.15796357	7.999457164			
12.16424675	8.007201581			
12.17052994	8.014944936			
12.17681313	8.022687229			
12.18309631	8.030428464			
12.1893795	8.038168642			
12.19566268	8.045907766			
12.20194587	8.053645837			
12.20822905	8.061382857			
12.21451224	8.069118829			
12.22079542	8.076853755			
12.22707861	8.084587637			
12.23336179	8.092320477			
12.23964498	8.100021205			
12.24592816	8.107750941			
12.25221135	8.115479609			
12.25849453	8.12320721			
12.26477772	8.130933745			
12.2710609	8.138659215			
12.27734409	8.146383622			
12.28362728	8.154106966			
12.28991046	8.161829249			
12.29619365	8.169550472			
12.30247683	8.177270637			
12.30876002	8.184989745			
12.3150432	8.192707796			
12.32132639	8.200424792			
12.32760957	8.208140735			
12.33389276	8.215855625			
12.34017594	8.223569464			
12.34645913	8.231282253			
12.35274231	8.238993993			
12.3590255	8.246704686			
12.36530868	8.254414332			
12.37159187	8.262122933			
12.37787506	8.269830489			
12.38415824	8.277537004			
12.39044143	8.285242476			
12.39672461	8.292946908			
12.4030078	8.300650301			
12.40929098	8.308352656			
12.41557417	8.316053975			
12.42185735	8.323754257			
12.42814054	8.331453505			
12.43442372	8.33915172			
12.44070691	8.346848903			
12.44699009	8.354545055			
12.45327328	8.362240178			
12.45955646	8.369934272			
12.46583965	8.377627338			
12.47212283	8.385319379			
12.47840602	8.393010394			
12.48468921	8.400700386			
12.49097239	8.408389355			
12.49725558	8.416077303			
12.50353876	8.423764231			
12.50982195	8.431450139			
12.51610513	8.439135029			
12.52238832	8.446818903			
12.5286715	8.454501761			
12.53495469	8.462183605			
12.54123787	8.469864435			
12.54752106	8.477544253			
12.55380424	8.48522306			
12.56008743	8.492900857			