2.000000 6.390000 0.208000 0.390000 1.404000 1.182000
2.000000 8.086000 0.390000 0.086000 1.182000 1.696000
2.000000 9.276000 0.086000 0.276000 1.696000 1.190000
2.000000 10.572000 0.276000 0.572000 1.190000 1.296000
2.000000 12.176000 0.572000 0.176000 1.296000 1.604000
2.000000 13.352000 0.176000 0.352000 1.604000 1.176000
2.000000 15.032000 0.352000 0.032000 1.176000 1.680000
2.000000 16.248000 0.032000 0.248000 1.680000 1.216000
2.000000 17.460000 0.248000 0.460000 1.216000 1.212000
2.000000 19.144000 0.460000 0.144000 1.212000 1.684000
2.000000 20.318000 0.144000 0.318000 1.684000 1.174000
2.000000 21.900000 0.318000 0.900000 1.174000 1.582000
2.000000 23.220000 0.900000 0.220000 1.582000 1.320000
2.000000 24.408000 0.220000 0.408000 1.320000 1.188000
2.000000 26.104000 0.408000 0.104000 1.188000 1.696000
2.000000 27.288000 0.104000 0.288000 1.696000 1.184000
2.000000 28.668000 0.288000 0.668000 1.184000 1.380000
2.000000 30.190000 0.668000 0.190000 1.380000 1.522000
2.000000 31.368000 0.190000 0.368000 1.522000 1.178000
2.000000 33.056000 0.368000 0.056000 1.178000 1.688000
2.000000 34.260000 0.056000 0.260000 1.688000 1.204000
2.000000 35.486000 0.260000 0.486000 1.204000 1.226000
2.000000 37.158000 0.486000 0.158000 1.226000 1.672000
2.000000 38.332000 0.158000 0.332000 1.672000 1.174000
2.000000 39.990000 0.332000 0.990000 1.174000 1.658000
2.000000 41.232000 0.990000 0.232000 1.658000 1.242000
2.000000 42.428000 0.232000 0.428000 1.242000 1.196000
2.000000 44.122000 0.428000 0.122000 1.196000 1.694000
2.000000 45.300000 0.122000 0.300000 1.694000 1.178000
2.000000 46.768000 0.300000 0.768000 1.178000 1.468000
2.000000 48.202000 0.768000 0.202000 1.468000 1.434000
2.000000 49.384000 0.202000 0.384000 1.434000 1.182000
2.000000 51.078000 0.384000 0.078000 1.182000 1.694000
2.000000 52.272000 0.078000 0.272000 1.694000 1.194000
2.000000 53.540000 0.272000 0.540000 1.194000 1.268000
2.000000 55.172000 0.540000 0.172000 1.268000 1.632000
2.000000 56.346000 0.172000 0.346000 1.632000 1.174000
2.000000 58.024000 0.346000 0.024000 1.174000 1.678000
2.000000 59.244000 0.024000 0.244000 1.678000 1.220000
2.000000 60.450000 0.244000 0.450000 1.220000 1.206000
2.000000 62.138000 0.450000 0.138000 1.206000 1.688000
2.000000 63.314000 0.138000 0.314000 1.688000 1.176000
2.000000 64.866000 0.314000 0.866000 1.176000 1.552000
2.000000 66.216000 0.866000 0.216000 1.552000 1.350000
2.000000 67.402000 0.216000 0.402000 1.350000 1.186000
2.000000 69.098000 0.402000 0.098000 1.186000 1.696000
2.000000 70.284000 0.098000 0.284000 1.696000 1.186000
2.000000 71.632000 0.284000 0.632000 1.186000 1.348000
2.000000 73.186000 0.632000 0.186000 1.348000 1.554000
2.000000 74.362000 0.186000 0.362000 1.554000 1.176000
2.000000 76.048000 0.362000 0.048000 1.176000 1.686000
2.000000 77.256000 0.048000 0.256000 1.686000 1.208000
2.000000 78.476000 0.256000 0.476000 1.208000 1.220000
2.000000 80.152000 0.476000 0.152000 1.220000 1.676000
2.000000 81.326000 0.152000 0.326000 1.676000 1.174000
2.000000 82.958000 0.326000 0.958000 1.174000 1.632000
2.000000 84.228000 0.958000 0.228000 1.632000 1.270000
2.000000 85.420000 0.228000 0.420000 1.270000 1.192000
2.000000 87.116000 0.420000 0.116000 1.192000 1.696000
2.000000 88.296000 0.116000 0.296000 1.696000 1.180000
2.000000 89.730000 0.296000 0.730000 1.180000 1.434000
2.000000 91.198000 0.730000 0.198000 1.434000 1.468000
2.000000 92.378000 0.198000 0.378000 1.468000 1.180000
2.000000 94.070000 0.378000 0.070000 1.180000 1.692000
2.000000 95.268000 0.070000 0.268000 1.692000 1.198000
2.000000 96.508000 0.268000 0.508000 1.198000 1.240000
2.000000 98.166000 0.508000 0.166000 1.240000 1.658000
2.000000 99.340000 0.166000 0.340000 1.658000 1.174000
2.000000 101.014000 0.340000 0.014000 1.174000 1.674000
2.000000 102.240000 0.014000 0.240000 1.674000 1.226000
2.000000 103.442000 0.240000 0.442000 1.226000 1.202000
2.000000 105.132000 0.442000 0.132000 1.202000 1.690000
2.000000 106.308000 0.132000 0.308000 1.690000 1.176000
2.000000 107.830000 0.308000 0.830000 1.176000 1.522000
2.000000 109.210000 0.830000 0.210000 1.522000 1.380000
2.000000 110.394000 0.210000 0.394000 1.380000 1.184000
2.000000 112.090000 0.394000 0.090000 1.184000 1.696000
2.000000 113.280000 0.090000 0.280000 1.696000 1.190000
2.000000 114.596000 0.280000 0.596000 1.190000 1.316000
2.000000 116.180000 0.596000 0.180000 1.316000 1.584000
2.000000 117.356000 0.180000 0.356000 1.584000 1.176000
2.000000 119.040000 0.356000 0.040000 1.176000 1.684000
2.000000 120.250000 0.040000 0.250000 1.684000 1.210000
2.000000 121.466000 0.250000 0.466000 1.210000 1.216000
2.000000 123.148000 0.466000 0.148000 1.216000 1.682000
2.000000 124.322000 0.148000 0.322000 1.682000 1.174000
2.000000 125.926000 0.322000 0.926000 1.174000 1.604000
2.000000 127.222000 0.926000 0.222000 1.604000 1.296000
2.000000 128.414000 0.222000 0.414000 1.296000 1.192000
2.000000 130.108000 0.414000 0.108000 1.192000 1.694000
2.000000 131.292000 0.108000 0.292000 1.694000 1.184000
2.000000 132.694000 0.292000 0.694000 1.184000 1.402000
2.000000 134.194000 0.694000 0.194000 1.402000 1.500000
2.000000 135.372000 0.194000 0.372000 1.500000 1.178000
2.000000 137.062000 0.372000 0.062000 1.178000 1.690000
2.000000 138.262000 0.062000 0.262000 1.690000 1.200000
2.000000 139.492000 0.262000 0.492000 1.200000 1.230000
2.000000 141.162000 0.492000 0.162000 1.230000 1.670000
2.000000 142.336000 0.162000 0.336000 1.670000 1.174000
2.000000 144.004000 0.336000 0.004000 1.174000 1.668000
2.000000 145.234000 0.004000 0.234000 1.668000 1.230000
2.000000 146.434000 0.234000 0.434000 1.230000 1.200000
2.000000 148.126000 0.434000 0.126000 1.200000 1.692000
2.000000 149.304000 0.126000 0.304000 1.692000 1.178000
2.000000 150.794000 0.304000 0.794000 1.178000 1.490000
2.000000 152.206000 0.794000 0.206000 1.490000 1.412000
2.000000 153.388000 0.206000 0.388000 1.412000 1.182000
2.000000 155.084000 0.388000 0.084000 1.182000 1.696000
2.000000 156.274000 0.084000 0.274000 1.696000 1.190000
2.000000 157.564000 0.274000 0.564000 1.190000 1.290000
2.000000 159.176000 0.564000 0.176000 1.290000 1.612000
2.000000 160.350000 0.176000 0.350000 1.612000 1.174000
2.000000 162.030000 0.350000 0.030000 1.174000 1.680000
2.000000 163.246000 0.030000 0.246000 1.680000 1.216000
2.000000 164.458000 0.246000 0.458000 1.216000 1.212000
2.000000 166.142000 0.458000 0.142000 1.212000 1.684000
2.000000 167.318000 0.142000 0.318000 1.684000 1.176000
2.000000 168.892000 0.318000 0.892000 1.176000 1.574000
2.000000 170.218000 0.892000 0.218000 1.574000 1.326000
2.000000 171.406000 0.218000 0.406000 1.326000 1.188000
2.000000 173.102000 0.406000 0.102000 1.188000 1.696000
2.000000 174.288000 0.102000 0.288000 1.696000 1.186000
2.000000 175.658000 0.288000 0.658000 1.186000 1.370000
2.000000 177.188000 0.658000 0.188000 1.370000 1.530000
2.000000 178.366000 0.188000 0.366000 1.530000 1.178000
2.000000 180.054000 0.366000 0.054000 1.178000 1.688000
2.000000 181.258000 0.054000 0.258000 1.688000 1.204000
2.000000 182.482000 0.258000 0.482000 1.204000 1.224000
2.000000 184.156000 0.482000 0.156000 1.224000 1.674000
2.000000 185.330000 0.156000 0.330000 1.674000 1.174000
2.000000 186.980000 0.330000 0.980000 1.174000 1.650000
2.000000 188.230000 0.980000 0.230000 1.650000 1.250000
2.000000 189.426000 0.230000 0.426000 1.250000 1.196000
2.000000 191.120000 0.426000 0.120000 1.196000 1.694000
2.000000 192.300000 0.120000 0.300000 1.694000 1.180000
2.000000 193.756000 0.300000 0.756000 1.180000 1.456000
2.000000 195.202000 0.756000 0.202000 1.456000 1.446000
2.000000 196.382000 0.202000 0.382000 1.446000 1.180000
2.000000 198.076000 0.382000 0.076000 1.180000 1.694000
2.000000 199.270000 0.076000 0.270000 1.694000 1.194000
