3.000000 6.372000 0.026000 0.372000 1.864000 1.346000
3.000000 8.272000 0.372000 0.272000 1.346000 1.900000
3.000000 10.182000 0.272000 0.182000 1.900000 1.910000
3.000000 12.058000 0.182000 0.058000 1.910000 1.876000
3.000000 13.396000 0.058000 0.396000 1.876000 1.338000
3.000000 15.290000 0.396000 0.290000 1.338000 1.894000
3.000000 17.198000 0.290000 0.198000 1.894000 1.908000
3.000000 19.086000 0.198000 0.086000 1.908000 1.888000
3.000000 20.422000 0.086000 0.422000 1.888000 1.336000
3.000000 22.306000 0.422000 0.306000 1.336000 1.884000
3.000000 24.216000 0.306000 0.216000 1.884000 1.910000
3.000000 26.112000 0.216000 0.112000 1.910000 1.896000
3.000000 27.452000 0.112000 0.452000 1.896000 1.340000
3.000000 29.324000 0.452000 0.324000 1.340000 1.872000
3.000000 31.232000 0.324000 0.232000 1.872000 1.908000
3.000000 33.134000 0.232000 0.134000 1.908000 1.902000
3.000000 34.486000 0.134000 0.486000 1.902000 1.352000
3.000000 36.344000 0.486000 0.344000 1.352000 1.858000
3.000000 38.250000 0.344000 0.250000 1.858000 1.906000
3.000000 40.154000 0.250000 0.154000 1.906000 1.904000
3.000000 42.012000 0.154000 0.012000 1.904000 1.858000
3.000000 43.364000 0.012000 0.364000 1.858000 1.352000
3.000000 45.266000 0.364000 0.266000 1.352000 1.902000
3.000000 47.174000 0.266000 0.174000 1.902000 1.908000
3.000000 49.046000 0.174000 0.046000 1.908000 1.872000
3.000000 50.386000 0.046000 0.386000 1.872000 1.340000
3.000000 52.282000 0.386000 0.282000 1.340000 1.896000
3.000000 54.192000 0.282000 0.192000 1.896000 1.910000
3.000000 56.076000 0.192000 0.076000 1.910000 1.884000
3.000000 57.412000 0.076000 0.412000 1.884000 1.336000
3.000000 59.300000 0.412000 0.300000 1.336000 1.888000
3.000000 61.210000 0.300000 0.210000 1.888000 1.910000
3.000000 63.102000 0.210000 0.102000 1.910000 1.892000
3.000000 64.440000 0.102000 0.440000 1.892000 1.338000
3.000000 66.318000 0.440000 0.318000 1.338000 1.878000
3.000000 68.226000 0.318000 0.226000 1.878000 1.908000
3.000000 70.126000 0.226000 0.126000 1.908000 1.900000
3.000000 71.472000 0.126000 0.472000 1.900000 1.346000
3.000000 73.336000 0.472000 0.336000 1.346000 1.864000
3.000000 75.242000 0.336000 0.242000 1.864000 1.906000
3.000000 77.146000 0.242000 0.146000 1.906000 1.904000
3.000000 78.888000 0.146000 0.888000 1.904000 1.742000
3.000000 80.356000 0.888000 0.356000 1.742000 1.468000
3.000000 82.260000 0.356000 0.260000 1.468000 1.904000
3.000000 84.166000 0.260000 0.166000 1.904000 1.906000
3.000000 86.034000 0.166000 0.034000 1.906000 1.868000
3.000000 87.378000 0.034000 0.378000 1.868000 1.344000
3.000000 89.276000 0.378000 0.276000 1.344000 1.898000
3.000000 91.186000 0.276000 0.186000 1.898000 1.910000
3.000000 93.064000 0.186000 0.064000 1.910000 1.878000
3.000000 94.402000 0.064000 0.402000 1.878000 1.338000
3.000000 96.292000 0.402000 0.292000 1.338000 1.890000
3.000000 98.202000 0.292000 0.202000 1.890000 1.910000
3.000000 100.092000 0.202000 0.092000 1.910000 1.890000
3.000000 101.428000 0.092000 0.428000 1.890000 1.336000
3.000000 103.310000 0.428000 0.310000 1.336000 1.882000
3.000000 105.220000 0.310000 0.220000 1.882000 1.910000
3.000000 107.116000 0.220000 0.116000 1.910000 1.896000
3.000000 108.458000 0.116000 0.458000 1.896000 1.342000
3.000000 110.328000 0.458000 0.328000 1.342000 1.870000
3.000000 112.236000 0.328000 0.236000 1.870000 1.908000
3.000000 114.138000 0.236000 0.138000 1.908000 1.902000
3.000000 115.494000 0.138000 0.494000 1.902000 1.356000
3.000000 117.348000 0.494000 0.348000 1.356000 1.854000
3.000000 119.252000 0.348000 0.252000 1.854000 1.904000
3.000000 121.158000 0.252000 0.158000 1.904000 1.906000
3.000000 123.020000 0.158000 0.020000 1.906000 1.862000
3.000000 124.368000 0.020000 0.368000 1.862000 1.348000
3.000000 126.270000 0.368000 0.270000 1.348000 1.902000
3.000000 128.178000 0.270000 0.178000 1.902000 1.908000
3.000000 130.054000 0.178000 0.054000 1.908000 1.876000
3.000000 131.392000 0.054000 0.392000 1.876000 1.338000
3.000000 133.286000 0.392000 0.286000 1.338000 1.894000
3.000000 135.196000 0.286000 0.196000 1.894000 1.910000
3.000000 137.082000 0.196000 0.082000 1.910000 1.886000
3.000000 138.418000 0.082000 0.418000 1.886000 1.336000
3.000000 140.304000 0.418000 0.304000 1.336000 1.886000
3.000000 142.214000 0.304000 0.214000 1.886000 1.910000
3.000000 144.108000 0.214000 0.108000 1.910000 1.894000
3.000000 145.446000 0.108000 0.446000 1.894000 1.338000
3.000000 147.322000 0.446000 0.322000 1.338000 1.876000
3.000000 149.230000 0.322000 0.230000 1.876000 1.908000
3.000000 151.130000 0.230000 0.130000 1.908000 1.900000
3.000000 152.480000 0.130000 0.480000 1.900000 1.350000
3.000000 154.340000 0.480000 0.340000 1.350000 1.860000
3.000000 156.246000 0.340000 0.246000 1.860000 1.906000
3.000000 158.152000 0.246000 0.152000 1.906000 1.906000
3.000000 160.004000 0.152000 0.004000 1.906000 1.852000
3.000000 161.360000 0.004000 0.360000 1.852000 1.356000
3.000000 163.262000 0.360000 0.262000 1.356000 1.902000
3.000000 165.170000 0.262000 0.170000 1.902000 1.908000
3.000000 167.040000 0.170000 0.040000 1.908000 1.870000
3.000000 168.382000 0.040000 0.382000 1.870000 1.342000
3.000000 170.280000 0.382000 0.280000 1.342000 1.898000
3.000000 172.188000 0.280000 0.188000 1.898000 1.908000
3.000000 174.072000 0.188000 0.072000 1.908000 1.884000
3.000000 175.406000 0.072000 0.406000 1.884000 1.334000
3.000000 177.296000 0.406000 0.296000 1.334000 1.890000
3.000000 179.206000 0.296000 0.206000 1.890000 1.910000
3.000000 181.098000 0.206000 0.098000 1.910000 1.892000
3.000000 182.434000 0.098000 0.434000 1.892000 1.336000
3.000000 184.314000 0.434000 0.314000 1.336000 1.880000
3.000000 186.224000 0.314000 0.224000 1.880000 1.910000
3.000000 188.122000 0.224000 0.122000 1.910000 1.898000
3.000000 189.466000 0.122000 0.466000 1.898000 1.344000
3.000000 191.332000 0.466000 0.332000 1.344000 1.866000
3.000000 193.240000 0.332000 0.240000 1.866000 1.908000
3.000000 195.144000 0.240000 0.144000 1.908000 1.904000
3.000000 196.574000 0.144000 0.574000 1.904000 1.430000
3.000000 198.352000 0.574000 0.352000 1.430000 1.778000
