4.000000 7.224000 0.356000 0.224000 1.188000 1.868000
4.000000 8.466000 0.224000 0.466000 1.868000 1.242000
4.000000 9.022000 0.466000 0.022000 1.242000 0.556000
4.000000 10.272000 0.022000 0.272000 0.556000 1.250000
4.000000 12.138000 0.272000 0.138000 1.250000 1.866000
4.000000 13.326000 0.138000 0.326000 1.866000 1.188000
4.000000 15.202000 0.326000 0.202000 1.188000 1.876000
4.000000 16.408000 0.202000 0.408000 1.876000 1.206000
4.000000 18.252000 0.408000 0.252000 1.206000 1.844000
4.000000 20.098000 0.252000 0.098000 1.844000 1.846000
4.000000 21.302000 0.098000 0.302000 1.846000 1.204000
4.000000 23.176000 0.302000 0.176000 1.204000 1.874000
4.000000 24.366000 0.176000 0.366000 1.874000 1.190000
4.000000 26.230000 0.366000 0.230000 1.190000 1.864000
4.000000 27.490000 0.230000 0.490000 1.864000 1.260000
4.000000 28.044000 0.490000 0.044000 1.260000 0.554000
4.000000 29.278000 0.044000 0.278000 0.554000 1.234000
4.000000 31.148000 0.278000 0.148000 1.234000 1.870000
4.000000 32.336000 0.148000 0.336000 1.870000 1.188000
4.000000 34.208000 0.336000 0.208000 1.188000 1.872000
4.000000 35.424000 0.208000 0.424000 1.872000 1.216000
4.000000 37.258000 0.424000 0.258000 1.216000 1.834000
4.000000 39.112000 0.258000 0.112000 1.834000 1.854000
4.000000 40.308000 0.112000 0.308000 1.854000 1.196000
4.000000 41.330000 0.308000 0.330000 1.196000 1.022000
4.000000 42.184000 0.330000 0.184000 1.022000 0.854000
4.000000 43.378000 0.184000 0.378000 0.854000 1.194000
4.000000 45.236000 0.378000 0.236000 1.194000 1.858000
4.000000 47.064000 0.236000 0.064000 1.858000 1.828000
4.000000 48.286000 0.064000 0.286000 1.828000 1.222000
4.000000 50.158000 0.286000 0.158000 1.222000 1.872000
4.000000 51.344000 0.158000 0.344000 1.872000 1.186000
4.000000 53.216000 0.344000 0.216000 1.186000 1.872000
4.000000 54.440000 0.216000 0.440000 1.872000 1.224000
4.000000 56.264000 0.440000 0.264000 1.224000 1.824000
4.000000 58.124000 0.264000 0.124000 1.824000 1.860000
4.000000 59.316000 0.124000 0.316000 1.860000 1.192000
4.000000 60.122000 0.316000 0.122000 1.192000 0.806000
4.000000 61.192000 0.122000 0.192000 0.806000 1.070000
4.000000 62.390000 0.192000 0.390000 1.070000 1.198000
4.000000 64.244000 0.390000 0.244000 1.198000 1.854000
4.000000 66.080000 0.244000 0.080000 1.854000 1.836000
4.000000 67.292000 0.080000 0.292000 1.836000 1.212000
4.000000 69.166000 0.292000 0.166000 1.212000 1.874000
4.000000 70.354000 0.166000 0.354000 1.874000 1.188000
4.000000 72.222000 0.354000 0.222000 1.188000 1.868000
4.000000 73.460000 0.222000 0.460000 1.868000 1.238000
4.000000 74.016000 0.460000 0.016000 1.238000 0.556000
4.000000 75.270000 0.016000 0.270000 0.556000 1.254000
4.000000 77.136000 0.270000 0.136000 1.254000 1.866000
4.000000 78.324000 0.136000 0.324000 1.866000 1.188000
4.000000 80.200000 0.324000 0.200000 1.188000 1.876000
4.000000 81.404000 0.200000 0.404000 1.876000 1.204000
4.000000 83.250000 0.404000 0.250000 1.204000 1.846000
4.000000 85.096000 0.250000 0.096000 1.846000 1.846000
4.000000 86.300000 0.096000 0.300000 1.846000 1.204000
4.000000 88.174000 0.300000 0.174000 1.204000 1.874000
4.000000 89.364000 0.174000 0.364000 1.874000 1.190000
4.000000 91.228000 0.364000 0.228000 1.190000 1.864000
4.000000 92.484000 0.228000 0.484000 1.864000 1.256000
4.000000 93.038000 0.484000 0.038000 1.256000 0.554000
4.000000 94.278000 0.038000 0.278000 0.554000 1.240000
4.000000 96.146000 0.278000 0.146000 1.240000 1.868000
4.000000 97.332000 0.146000 0.332000 1.868000 1.186000
4.000000 99.206000 0.332000 0.206000 1.186000 1.874000
4.000000 100.420000 0.206000 0.420000 1.874000 1.214000
4.000000 102.256000 0.420000 0.256000 1.214000 1.836000
4.000000 104.108000 0.256000 0.108000 1.836000 1.852000
4.000000 105.306000 0.108000 0.306000 1.852000 1.198000
4.000000 106.382000 0.306000 0.382000 1.198000 1.076000
4.000000 107.182000 0.382000 0.182000 1.076000 0.800000
4.000000 108.376000 0.182000 0.376000 0.800000 1.194000
4.000000 110.236000 0.376000 0.236000 1.194000 1.860000
4.000000 112.058000 0.236000 0.058000 1.860000 1.822000
4.000000 113.284000 0.058000 0.284000 1.822000 1.226000
4.000000 115.156000 0.284000 0.156000 1.226000 1.872000
4.000000 116.342000 0.156000 0.342000 1.872000 1.186000
4.000000 118.214000 0.342000 0.214000 1.186000 1.872000
4.000000 119.436000 0.214000 0.436000 1.872000 1.222000
4.000000 121.262000 0.436000 0.262000 1.222000 1.826000
4.000000 123.122000 0.262000 0.122000 1.826000 1.860000
4.000000 124.314000 0.122000 0.314000 1.860000 1.192000
4.000000 125.174000 0.314000 0.174000 1.192000 0.860000
4.000000 126.190000 0.174000 0.190000 0.860000 1.016000
4.000000 127.388000 0.190000 0.388000 1.016000 1.198000
4.000000 129.242000 0.388000 0.242000 1.198000 1.854000
4.000000 131.076000 0.242000 0.076000 1.854000 1.834000
4.000000 132.290000 0.076000 0.290000 1.834000 1.214000
4.000000 134.164000 0.290000 0.164000 1.214000 1.874000
4.000000 135.352000 0.164000 0.352000 1.874000 1.188000
4.000000 137.220000 0.352000 0.220000 1.188000 1.868000
4.000000 138.456000 0.220000 0.456000 1.868000 1.236000
4.000000 139.010000 0.456000 0.010000 1.236000 0.554000
4.000000 140.268000 0.010000 0.268000 0.554000 1.258000
4.000000 142.132000 0.268000 0.132000 1.258000 1.864000
4.000000 143.322000 0.132000 0.322000 1.864000 1.190000
4.000000 145.198000 0.322000 0.198000 1.190000 1.876000
4.000000 146.400000 0.198000 0.400000 1.876000 1.202000
4.000000 148.248000 0.400000 0.248000 1.202000 1.848000
4.000000 150.092000 0.248000 0.092000 1.848000 1.844000
4.000000 151.298000 0.092000 0.298000 1.844000 1.206000
4.000000 153.172000 0.298000 0.172000 1.206000 1.874000
4.000000 154.362000 0.172000 0.362000 1.874000 1.190000
4.000000 156.228000 0.362000 0.228000 1.190000 1.866000
4.000000 157.478000 0.228000 0.478000 1.866000 1.250000
4.000000 158.034000 0.478000 0.034000 1.250000 0.556000
4.000000 159.276000 0.034000 0.276000 0.556000 1.242000
4.000000 161.144000 0.276000 0.144000 1.242000 1.868000
4.000000 162.330000 0.144000 0.330000 1.868000 1.186000
4.000000 164.206000 0.330000 0.206000 1.186000 1.876000
4.000000 165.416000 0.206000 0.416000 1.876000 1.210000
4.000000 167.254000 0.416000 0.254000 1.210000 1.838000
4.000000 169.106000 0.254000 0.106000 1.838000 1.852000
4.000000 170.306000 0.106000 0.306000 1.852000 1.200000
4.000000 171.434000 0.306000 0.434000 1.200000 1.128000
4.000000 172.180000 0.434000 0.180000 1.128000 0.746000
4.000000 173.372000 0.180000 0.372000 0.746000 1.192000
4.000000 175.234000 0.372000 0.234000 1.192000 1.862000
4.000000 177.054000 0.234000 0.054000 1.862000 1.820000
4.000000 178.282000 0.054000 0.282000 1.820000 1.228000
4.000000 180.152000 0.282000 0.152000 1.228000 1.870000
4.000000 181.340000 0.152000 0.340000 1.870000 1.188000
4.000000 183.212000 0.340000 0.212000 1.188000 1.872000
4.000000 184.432000 0.212000 0.432000 1.872000 1.220000
4.000000 186.260000 0.432000 0.260000 1.220000 1.828000
4.000000 188.118000 0.260000 0.118000 1.828000 1.858000
4.000000 189.312000 0.118000 0.312000 1.858000 1.194000
4.000000 190.224000 0.312000 0.224000 1.194000 0.912000
4.000000 191.188000 0.224000 0.188000 0.912000 0.964000
4.000000 192.384000 0.188000 0.384000 0.964000 1.196000
4.000000 194.240000 0.384000 0.240000 1.196000 1.856000
4.000000 196.072000 0.240000 0.072000 1.856000 1.832000
4.000000 197.290000 0.072000 0.290000 1.832000 1.218000
4.000000 199.162000 0.290000 0.162000 1.218000 1.872000
