2.000000 7.126000 0.184000 0.126000 1.946000 1.942000
2.000000 9.060000 0.126000 0.060000 1.942000 1.934000
2.000000 10.910000 0.060000 0.910000 1.934000 1.850000
2.000000 12.500000 0.910000 0.500000 1.850000 1.590000
2.000000 14.424000 0.500000 0.424000 1.590000 1.924000
2.000000 16.360000 0.424000 0.360000 1.924000 1.936000
2.000000 18.304000 0.360000 0.304000 1.936000 1.944000
2.000000 20.250000 0.304000 0.250000 1.944000 1.946000
2.000000 22.196000 0.250000 0.196000 1.946000 1.946000
2.000000 24.138000 0.196000 0.138000 1.946000 1.942000
2.000000 26.074000 0.138000 0.074000 1.942000 1.936000
2.000000 27.994000 0.074000 0.994000 1.936000 1.920000
2.000000 29.584000 0.994000 0.584000 1.920000 1.590000
2.000000 31.440000 0.584000 0.440000 1.590000 1.856000
2.000000 33.372000 0.440000 0.372000 1.856000 1.932000
2.000000 35.314000 0.372000 0.314000 1.932000 1.942000
2.000000 37.260000 0.314000 0.260000 1.942000 1.946000
2.000000 39.208000 0.260000 0.208000 1.946000 1.948000
2.000000 41.152000 0.208000 0.152000 1.948000 1.944000
2.000000 43.090000 0.152000 0.090000 1.944000 1.938000
2.000000 45.016000 0.090000 0.016000 1.938000 1.926000
2.000000 46.672000 0.016000 0.672000 1.926000 1.656000
2.000000 48.454000 0.672000 0.454000 1.656000 1.782000
2.000000 50.386000 0.454000 0.386000 1.782000 1.932000
2.000000 52.326000 0.386000 0.326000 1.932000 1.940000
2.000000 54.272000 0.326000 0.272000 1.940000 1.946000
2.000000 56.218000 0.272000 0.218000 1.946000 1.946000
2.000000 58.164000 0.218000 0.164000 1.946000 1.946000
2.000000 60.104000 0.164000 0.104000 1.946000 1.940000
2.000000 62.032000 0.104000 0.032000 1.940000 1.928000
2.000000 63.760000 0.032000 0.760000 1.928000 1.728000
2.000000 65.472000 0.760000 0.472000 1.728000 1.712000
2.000000 67.400000 0.472000 0.400000 1.712000 1.928000
2.000000 69.338000 0.400000 0.338000 1.928000 1.938000
2.000000 71.284000 0.338000 0.284000 1.938000 1.946000
2.000000 73.230000 0.284000 0.230000 1.946000 1.946000
2.000000 75.176000 0.230000 0.176000 1.946000 1.946000
2.000000 77.116000 0.176000 0.116000 1.946000 1.940000
2.000000 79.048000 0.116000 0.048000 1.940000 1.932000
2.000000 80.848000 0.048000 0.848000 1.932000 1.800000
2.000000 82.488000 0.848000 0.488000 1.800000 1.640000
2.000000 84.414000 0.488000 0.414000 1.640000 1.926000
2.000000 86.352000 0.414000 0.352000 1.926000 1.938000
2.000000 88.294000 0.352000 0.294000 1.938000 1.942000
2.000000 90.242000 0.294000 0.242000 1.942000 1.948000
2.000000 92.188000 0.242000 0.188000 1.948000 1.946000
2.000000 94.130000 0.188000 0.130000 1.946000 1.942000
2.000000 96.064000 0.130000 0.064000 1.942000 1.934000
2.000000 97.936000 0.064000 0.936000 1.934000 1.872000
2.000000 99.524000 0.936000 0.524000 1.872000 1.588000
2.000000 101.428000 0.524000 0.428000 1.588000 1.904000
2.000000 103.364000 0.428000 0.364000 1.904000 1.936000
2.000000 105.306000 0.364000 0.306000 1.936000 1.942000
2.000000 107.252000 0.306000 0.252000 1.942000 1.946000
2.000000 109.200000 0.252000 0.200000 1.946000 1.948000
2.000000 111.142000 0.200000 0.142000 1.948000 1.942000
2.000000 113.080000 0.142000 0.080000 1.942000 1.938000
2.000000 115.004000 0.080000 0.004000 1.938000 1.924000
2.000000 116.610000 0.004000 0.610000 1.924000 1.606000
2.000000 118.444000 0.610000 0.444000 1.606000 1.834000
2.000000 120.376000 0.444000 0.376000 1.834000 1.932000
2.000000 122.318000 0.376000 0.318000 1.932000 1.942000
2.000000 124.264000 0.318000 0.264000 1.942000 1.946000
2.000000 126.210000 0.264000 0.210000 1.946000 1.946000
2.000000 128.154000 0.210000 0.154000 1.946000 1.944000
2.000000 130.094000 0.154000 0.094000 1.944000 1.940000
2.000000 132.020000 0.094000 0.020000 1.940000 1.926000
2.000000 133.698000 0.020000 0.698000 1.926000 1.678000
2.000000 135.460000 0.698000 0.460000 1.678000 1.762000
2.000000 137.390000 0.460000 0.390000 1.762000 1.930000
2.000000 139.330000 0.390000 0.330000 1.930000 1.940000
2.000000 141.276000 0.330000 0.276000 1.940000 1.946000
2.000000 143.222000 0.276000 0.222000 1.946000 1.946000
2.000000 145.168000 0.222000 0.168000 1.946000 1.946000
2.000000 147.108000 0.168000 0.108000 1.946000 1.940000
2.000000 149.038000 0.108000 0.038000 1.940000 1.930000
2.000000 150.786000 0.038000 0.786000 1.930000 1.748000
2.000000 152.476000 0.786000 0.476000 1.748000 1.690000
2.000000 154.404000 0.476000 0.404000 1.690000 1.928000
2.000000 156.342000 0.404000 0.342000 1.928000 1.938000
2.000000 158.286000 0.342000 0.286000 1.938000 1.944000
2.000000 160.234000 0.286000 0.234000 1.944000 1.948000
2.000000 162.180000 0.234000 0.180000 1.948000 1.946000
2.000000 164.120000 0.180000 0.120000 1.946000 1.940000
2.000000 166.054000 0.120000 0.054000 1.940000 1.934000
2.000000 167.874000 0.054000 0.874000 1.934000 1.820000
2.000000 169.494000 0.874000 0.494000 1.820000 1.620000
2.000000 171.418000 0.494000 0.418000 1.620000 1.924000
2.000000 173.354000 0.418000 0.354000 1.924000 1.936000
2.000000 175.298000 0.354000 0.298000 1.936000 1.944000
2.000000 177.244000 0.298000 0.244000 1.944000 1.946000
2.000000 179.190000 0.244000 0.190000 1.946000 1.946000
2.000000 181.134000 0.190000 0.134000 1.946000 1.944000
2.000000 183.068000 0.134000 0.068000 1.944000 1.934000
2.000000 184.960000 0.068000 0.960000 1.934000 1.892000
2.000000 186.550000 0.960000 0.550000 1.892000 1.590000
2.000000 188.432000 0.550000 0.432000 1.590000 1.882000
2.000000 190.368000 0.432000 0.368000 1.882000 1.936000
2.000000 192.310000 0.368000 0.310000 1.936000 1.942000
2.000000 194.256000 0.310000 0.256000 1.942000 1.946000
2.000000 196.202000 0.256000 0.202000 1.946000 1.946000
2.000000 198.146000 0.202000 0.146000 1.946000 1.944000
