4.000000 6.614000 0.758000 0.614000 1.834000 1.856000
4.000000 7.810000 0.614000 0.810000 1.856000 1.196000
4.000000 8.806000 0.810000 0.806000 1.196000 0.996000
4.000000 9.686000 0.806000 0.686000 0.996000 0.880000
4.000000 10.878000 0.686000 0.878000 0.880000 1.192000
4.000000 12.738000 0.878000 0.738000 1.192000 1.860000
4.000000 14.568000 0.738000 0.568000 1.860000 1.830000
4.000000 15.786000 0.568000 0.786000 1.830000 1.218000
4.000000 17.660000 0.786000 0.660000 1.218000 1.874000
4.000000 18.844000 0.660000 0.844000 1.874000 1.184000
4.000000 20.716000 0.844000 0.716000 1.184000 1.872000
4.000000 21.942000 0.716000 0.942000 1.872000 1.226000
4.000000 23.764000 0.942000 0.764000 1.226000 1.822000
4.000000 25.626000 0.764000 0.626000 1.822000 1.862000
4.000000 26.816000 0.626000 0.816000 1.862000 1.190000
4.000000 27.594000 0.816000 0.594000 1.190000 0.778000
4.000000 28.694000 0.594000 0.694000 0.778000 1.100000
4.000000 29.890000 0.694000 0.890000 1.100000 1.196000
4.000000 31.744000 0.890000 0.744000 1.196000 1.854000
4.000000 33.584000 0.744000 0.584000 1.854000 1.840000
4.000000 34.792000 0.584000 0.792000 1.840000 1.208000
4.000000 36.668000 0.792000 0.668000 1.208000 1.876000
4.000000 37.854000 0.668000 0.854000 1.876000 1.186000
4.000000 39.724000 0.854000 0.724000 1.186000 1.870000
4.000000 40.962000 0.724000 0.962000 1.870000 1.238000
4.000000 41.522000 0.962000 0.522000 1.238000 0.560000
4.000000 42.772000 0.522000 0.772000 0.560000 1.250000
4.000000 44.638000 0.772000 0.638000 1.250000 1.866000
4.000000 45.824000 0.638000 0.824000 1.866000 1.186000
4.000000 47.702000 0.824000 0.702000 1.186000 1.878000
4.000000 48.904000 0.702000 0.904000 1.878000 1.202000
4.000000 50.750000 0.904000 0.750000 1.202000 1.846000
4.000000 52.598000 0.750000 0.598000 1.846000 1.848000
4.000000 53.800000 0.598000 0.800000 1.848000 1.202000
4.000000 55.676000 0.800000 0.676000 1.202000 1.876000
4.000000 56.864000 0.676000 0.864000 1.876000 1.188000
4.000000 58.730000 0.864000 0.730000 1.188000 1.866000
4.000000 59.984000 0.730000 0.984000 1.866000 1.254000
4.000000 60.544000 0.984000 0.544000 1.254000 0.560000
4.000000 61.778000 0.544000 0.778000 0.560000 1.234000
4.000000 63.648000 0.778000 0.648000 1.234000 1.870000
4.000000 64.834000 0.648000 0.834000 1.870000 1.186000
4.000000 66.708000 0.834000 0.708000 1.186000 1.874000
4.000000 67.920000 0.708000 0.920000 1.874000 1.212000
4.000000 69.756000 0.920000 0.756000 1.212000 1.836000
4.000000 71.612000 0.756000 0.612000 1.836000 1.856000
4.000000 72.808000 0.612000 0.808000 1.856000 1.196000
4.000000 73.858000 0.808000 0.858000 1.196000 1.050000
4.000000 74.684000 0.858000 0.684000 1.050000 0.826000
4.000000 75.876000 0.684000 0.876000 0.826000 1.192000
4.000000 77.736000 0.876000 0.736000 1.192000 1.860000
4.000000 79.562000 0.736000 0.562000 1.860000 1.826000
4.000000 80.784000 0.562000 0.784000 1.826000 1.222000
4.000000 82.658000 0.784000 0.658000 1.222000 1.874000
4.000000 83.842000 0.658000 0.842000 1.874000 1.184000
4.000000 85.714000 0.842000 0.714000 1.184000 1.872000
4.000000 86.936000 0.714000 0.936000 1.872000 1.222000
4.000000 88.764000 0.936000 0.764000 1.222000 1.828000
4.000000 90.624000 0.764000 0.624000 1.828000 1.860000
4.000000 91.814000 0.624000 0.814000 1.860000 1.190000
4.000000 92.646000 0.814000 0.646000 1.190000 0.832000
4.000000 93.692000 0.646000 0.692000 0.832000 1.046000
4.000000 94.888000 0.692000 0.888000 1.046000 1.196000
4.000000 96.742000 0.888000 0.742000 1.196000 1.854000
4.000000 98.580000 0.742000 0.580000 1.854000 1.838000
4.000000 99.792000 0.580000 0.792000 1.838000 1.212000
4.000000 101.666000 0.792000 0.666000 1.212000 1.874000
4.000000 102.852000 0.666000 0.852000 1.874000 1.186000
4.000000 104.722000 0.852000 0.722000 1.186000 1.870000
4.000000 105.956000 0.722000 0.956000 1.870000 1.234000
4.000000 106.516000 0.956000 0.516000 1.234000 0.560000
4.000000 107.770000 0.516000 0.770000 0.560000 1.254000
4.000000 109.636000 0.770000 0.636000 1.254000 1.866000
4.000000 110.822000 0.636000 0.822000 1.866000 1.186000
4.000000 112.700000 0.822000 0.700000 1.186000 1.878000
4.000000 113.900000 0.700000 0.900000 1.878000 1.200000
4.000000 115.748000 0.900000 0.748000 1.200000 1.848000
4.000000 117.594000 0.748000 0.594000 1.848000 1.846000
4.000000 118.798000 0.594000 0.798000 1.846000 1.204000
4.000000 120.674000 0.798000 0.674000 1.204000 1.876000
4.000000 121.862000 0.674000 0.862000 1.876000 1.188000
4.000000 123.728000 0.862000 0.728000 1.188000 1.866000
4.000000 124.978000 0.728000 0.978000 1.866000 1.250000
4.000000 125.538000 0.978000 0.538000 1.250000 0.560000
4.000000 126.776000 0.538000 0.776000 0.560000 1.238000
4.000000 128.646000 0.776000 0.646000 1.238000 1.870000
4.000000 129.832000 0.646000 0.832000 1.870000 1.186000
4.000000 131.706000 0.832000 0.706000 1.186000 1.874000
4.000000 132.916000 0.706000 0.916000 1.874000 1.210000
4.000000 134.756000 0.916000 0.756000 1.210000 1.840000
4.000000 136.608000 0.756000 0.608000 1.840000 1.852000
4.000000 137.806000 0.608000 0.806000 1.852000 1.198000
4.000000 138.910000 0.806000 0.910000 1.198000 1.104000
4.000000 139.682000 0.910000 0.682000 1.104000 0.772000
4.000000 140.872000 0.682000 0.872000 0.772000 1.190000
4.000000 142.734000 0.872000 0.734000 1.190000 1.862000
4.000000 144.558000 0.734000 0.558000 1.862000 1.824000
4.000000 145.782000 0.558000 0.782000 1.824000 1.224000
4.000000 147.654000 0.782000 0.654000 1.224000 1.872000
4.000000 148.840000 0.654000 0.840000 1.872000 1.186000
4.000000 150.714000 0.840000 0.714000 1.186000 1.874000
4.000000 151.932000 0.714000 0.932000 1.874000 1.218000
4.000000 153.762000 0.932000 0.762000 1.218000 1.830000
4.000000 155.622000 0.762000 0.622000 1.830000 1.860000
4.000000 156.812000 0.622000 0.812000 1.860000 1.190000
4.000000 157.698000 0.812000 0.698000 1.190000 0.886000
4.000000 158.690000 0.698000 0.690000 0.886000 0.992000
4.000000 159.884000 0.690000 0.884000 0.992000 1.194000
4.000000 161.740000 0.884000 0.740000 1.194000 1.856000
4.000000 163.576000 0.740000 0.576000 1.856000 1.836000
4.000000 164.790000 0.576000 0.790000 1.836000 1.214000
4.000000 166.664000 0.790000 0.664000 1.214000 1.874000
4.000000 167.850000 0.664000 0.850000 1.874000 1.186000
4.000000 169.720000 0.850000 0.720000 1.186000 1.870000
4.000000 170.952000 0.720000 0.952000 1.870000 1.232000
4.000000 171.508000 0.952000 0.508000 1.232000 0.556000
4.000000 172.768000 0.508000 0.768000 0.556000 1.260000
4.000000 174.632000 0.768000 0.632000 1.260000 1.864000
4.000000 175.820000 0.632000 0.820000 1.864000 1.188000
4.000000 177.698000 0.820000 0.698000 1.188000 1.878000
4.000000 178.898000 0.698000 0.898000 1.878000 1.200000
4.000000 180.748000 0.898000 0.748000 1.200000 1.850000
4.000000 182.592000 0.748000 0.592000 1.850000 1.844000
4.000000 183.796000 0.592000 0.796000 1.844000 1.204000
4.000000 185.672000 0.796000 0.672000 1.204000 1.876000
4.000000 186.860000 0.672000 0.860000 1.876000 1.188000
4.000000 188.726000 0.860000 0.726000 1.188000 1.866000
4.000000 189.972000 0.726000 0.972000 1.866000 1.246000
4.000000 190.534000 0.972000 0.534000 1.246000 0.562000
4.000000 191.774000 0.534000 0.774000 0.562000 1.240000
4.000000 193.642000 0.774000 0.642000 1.240000 1.868000
4.000000 194.828000 0.642000 0.828000 1.868000 1.186000
4.000000 196.704000 0.828000 0.704000 1.186000 1.876000
4.000000 197.912000 0.704000 0.912000 1.876000 1.208000
4.000000 199.754000 0.912000 0.754000 1.208000 1.842000
