2.000000 6.342000 0.402000 0.342000 1.928000 1.940000
2.000000 8.286000 0.342000 0.286000 1.940000 1.944000
2.000000 10.232000 0.286000 0.232000 1.944000 1.946000
2.000000 12.178000 0.232000 0.178000 1.946000 1.946000
2.000000 14.120000 0.178000 0.120000 1.946000 1.942000
2.000000 16.052000 0.120000 0.052000 1.942000 1.932000
2.000000 17.866000 0.052000 0.866000 1.932000 1.814000
2.000000 19.492000 0.866000 0.492000 1.814000 1.626000
2.000000 21.416000 0.492000 0.416000 1.626000 1.924000
2.000000 23.354000 0.416000 0.354000 1.924000 1.938000
2.000000 25.298000 0.354000 0.298000 1.938000 1.944000
2.000000 27.244000 0.298000 0.244000 1.944000 1.946000
2.000000 29.190000 0.244000 0.190000 1.946000 1.946000
2.000000 31.132000 0.190000 0.132000 1.946000 1.942000
2.000000 33.068000 0.132000 0.068000 1.942000 1.936000
2.000000 34.952000 0.068000 0.952000 1.936000 1.884000
2.000000 36.542000 0.952000 0.542000 1.884000 1.590000
2.000000 38.432000 0.542000 0.432000 1.590000 1.890000
2.000000 40.366000 0.432000 0.366000 1.890000 1.934000
2.000000 42.308000 0.366000 0.308000 1.934000 1.942000
2.000000 44.256000 0.308000 0.256000 1.942000 1.948000
2.000000 46.202000 0.256000 0.202000 1.948000 1.946000
2.000000 48.146000 0.202000 0.146000 1.946000 1.944000
2.000000 50.082000 0.146000 0.082000 1.944000 1.936000
2.000000 52.006000 0.082000 0.006000 1.936000 1.924000
2.000000 53.628000 0.006000 0.628000 1.924000 1.622000
2.000000 55.446000 0.628000 0.446000 1.622000 1.818000
2.000000 57.380000 0.446000 0.380000 1.818000 1.934000
2.000000 59.320000 0.380000 0.320000 1.934000 1.940000
2.000000 61.266000 0.320000 0.266000 1.940000 1.946000
2.000000 63.212000 0.266000 0.212000 1.946000 1.946000
2.000000 65.158000 0.212000 0.158000 1.946000 1.946000
2.000000 67.096000 0.158000 0.096000 1.946000 1.938000
2.000000 69.024000 0.096000 0.024000 1.938000 1.928000
2.000000 70.716000 0.024000 0.716000 1.928000 1.692000
2.000000 72.462000 0.716000 0.462000 1.692000 1.746000
2.000000 74.392000 0.462000 0.392000 1.746000 1.930000
2.000000 76.332000 0.392000 0.332000 1.930000 1.940000
2.000000 78.278000 0.332000 0.278000 1.940000 1.946000
2.000000 80.224000 0.278000 0.224000 1.946000 1.946000
2.000000 82.170000 0.224000 0.170000 1.946000 1.946000
2.000000 84.110000 0.170000 0.110000 1.946000 1.940000
2.000000 86.040000 0.110000 0.040000 1.940000 1.930000
2.000000 87.804000 0.040000 0.804000 1.930000 1.764000
2.000000 89.480000 0.804000 0.480000 1.764000 1.676000
2.000000 91.406000 0.480000 0.406000 1.676000 1.926000
2.000000 93.344000 0.406000 0.344000 1.926000 1.938000
2.000000 95.290000 0.344000 0.290000 1.938000 1.946000
2.000000 97.236000 0.290000 0.236000 1.946000 1.946000
2.000000 99.182000 0.236000 0.182000 1.946000 1.946000
2.000000 101.124000 0.182000 0.124000 1.946000 1.942000
2.000000 103.056000 0.124000 0.056000 1.942000 1.932000
2.000000 104.892000 0.056000 0.892000 1.932000 1.836000
2.000000 106.498000 0.892000 0.498000 1.836000 1.606000
2.000000 108.420000 0.498000 0.420000 1.606000 1.922000
2.000000 110.358000 0.420000 0.358000 1.922000 1.938000
2.000000 112.300000 0.358000 0.300000 1.938000 1.942000
2.000000 114.248000 0.300000 0.248000 1.942000 1.948000
2.000000 116.194000 0.248000 0.194000 1.948000 1.946000
2.000000 118.136000 0.194000 0.136000 1.946000 1.942000
2.000000 120.072000 0.136000 0.072000 1.942000 1.936000
2.000000 121.978000 0.072000 0.978000 1.936000 1.906000
2.000000 123.566000 0.978000 0.566000 1.906000 1.588000
2.000000 125.436000 0.566000 0.436000 1.588000 1.870000
2.000000 127.370000 0.436000 0.370000 1.870000 1.934000
2.000000 129.312000 0.370000 0.312000 1.934000 1.942000
2.000000 131.258000 0.312000 0.258000 1.942000 1.946000
2.000000 133.204000 0.258000 0.204000 1.946000 1.946000
2.000000 135.148000 0.204000 0.148000 1.946000 1.944000
2.000000 137.086000 0.148000 0.086000 1.944000 1.938000
2.000000 139.012000 0.086000 0.012000 1.938000 1.926000
2.000000 140.654000 0.012000 0.654000 1.926000 1.642000
2.000000 142.452000 0.654000 0.452000 1.642000 1.798000
2.000000 144.384000 0.452000 0.384000 1.798000 1.932000
2.000000 146.324000 0.384000 0.324000 1.932000 1.940000
2.000000 148.270000 0.324000 0.270000 1.940000 1.946000
2.000000 150.216000 0.270000 0.216000 1.946000 1.946000
2.000000 152.162000 0.216000 0.162000 1.946000 1.946000
2.000000 154.100000 0.162000 0.100000 1.946000 1.938000
2.000000 156.030000 0.100000 0.030000 1.938000 1.930000
2.000000 157.742000 0.030000 0.742000 1.930000 1.712000
2.000000 159.468000 0.742000 0.468000 1.712000 1.726000
2.000000 161.396000 0.468000 0.396000 1.726000 1.928000
2.000000 163.336000 0.396000 0.336000 1.928000 1.940000
2.000000 165.282000 0.336000 0.282000 1.940000 1.946000
2.000000 167.228000 0.282000 0.228000 1.946000 1.946000
2.000000 169.174000 0.228000 0.174000 1.946000 1.946000
2.000000 171.114000 0.174000 0.114000 1.946000 1.940000
2.000000 173.046000 0.114000 0.046000 1.940000 1.932000
2.000000 174.830000 0.046000 0.830000 1.932000 1.784000
2.000000 176.484000 0.830000 0.484000 1.784000 1.654000
2.000000 178.410000 0.484000 0.410000 1.654000 1.926000
2.000000 180.348000 0.410000 0.348000 1.926000 1.938000
2.000000 182.292000 0.348000 0.292000 1.938000 1.944000
2.000000 184.240000 0.292000 0.240000 1.944000 1.948000
2.000000 186.186000 0.240000 0.186000 1.948000 1.946000
2.000000 188.128000 0.186000 0.128000 1.946000 1.942000
2.000000 190.062000 0.128000 0.062000 1.942000 1.934000
2.000000 191.918000 0.062000 0.918000 1.934000 1.856000
2.000000 193.508000 0.918000 0.508000 1.856000 1.590000
2.000000 195.426000 0.508000 0.426000 1.590000 1.918000
2.000000 197.362000 0.426000 0.362000 1.918000 1.936000
2.000000 199.304000 0.362000 0.304000 1.936000 1.942000
